12
34
100
109
500
891
1120
1210
2155
2200
3333
3388
3500
3577
5432
5467
7632
8754
9000
9876
10351
11546
18184
19941
74503
82554
87665
94952
98765
105532
106508
116780
125814
130736
142904
157441
178273
187820
195678
476724
888982
1564218
1604651
2030340
2071236
2091442
2838760
3167372
3229285
3610471
3659951
4369332
4662929
4795853
5231704
5326126
5550042
5615372
6121480
6264141
7464405
7607803
7870754
8119841
8203910
8669006
8869286
9567013
10231521
10486952
11267196
11643171
11652454
11804193
12271757
12927457
13666172
13728449
14052655
14097735
14313126
14459085
14650511
14773552
15506591
15982068
16230884
16297867
16432950
16870825
17168742
18322191
19238681
19244846
19355540
19407916
19671319
20882955
22616999
23249111
23553693
23779497
23918210
24486558
25001115
25437573
25657236
26326478
27057562
27279903
27439089
27844491
28126271
28261188
28445272
28723821
28868818
29388595
30356143
31145720
32558290
33142206
34241919
34338364
35571425
35921339
35956140
37222942
37387994
37508033
39538738
40051496
40591761
40712361
41098515
41577356
41831114
42770553
42879418
43302453
43443006
44053830
45094237
45682935
45755219
46042597
46140761
46490752
46491336
46516325
46830923
47224177
47955520
48520913
48742315
50007670
50053406
50200255
50976002
51138589
51145211
51165445
51597033
52026935
52451702
52703143
53499360
54093030
54129829
54167903
55102324
55178143
55948720
56482915
56981842
57140157
57293198
57335276
58511370
58849056
58871703
58928614
58982098
58990447
60083450
60318035
60705684
60845057
61278232
61732389
61976126
62100738
62128429
62384832
62409429
62494263
62918904
63349529
63356955
63965392
64354187
64666540
64759652
64918613
65583636
66029334
67215916
67743071
67791121
67968240
68055251
68750827
68785480
68815546
69180698
69453805
70269163
71335572
71384595
71777024
72317385
72839122
72862439
73000827
74120081
74146717
74208305
74342030
74472484
75126681
75587593
75917638
75940982
76328513
77144464
77246519
77343328
77702049
78972392
79027317
79124476
79170993
79257823
79642320
81264562
81956521
82183880
82698977
82824921
82938851
83294513
83683152
84378586
84538851
84970365
85983558
86024294
86164416
87041447
87480376
87503098
88758594
88850719
88938206
89136990
89318099
91357083
91482371
92210875
92633437
94038370
94739600
95622693
95790497
95815325
96977435
97490019
97811457
98091707
98151706
98273388
98423730
98771504
98879032
99436283
100333071
101463039
101611195
102046600
102526760
102953139
103001490
103016393
103332899
103572906
103590513
103918337
104515578
104612307
104759821
104877973
104971211
105816662
106217721
107059796
108037862
108464995
109016806
109345021
109818934
109968729
110809549
111356901
111456970
111654352
111815890
111959792
112462835
114283864
115471324
115783466
116002448
116500822
117175321
117967386
118245790
118390715
118663214
118698379
118902684
119010929
119531487
119639292
120091702
120187177
120611343
121021349
121120592
121519791
121831329
121898422
122107913
122891419
123439960
123672371
123702122
123715511
123793294
124108568
124571366
124941665
124973531
124988390
125241786
125518563
125796718
126266885
126341767
126418726
126489401
127069033
127381447
128239599
129606659
129940856
130169631
130269346
131132953
131209610
131669555
132097259
132446436
132780291
133461565
133960307
134001038
135539779
135657387
135865272
136403434
136436152
136777411
139037062
140120777
140127662
140183732
140402016
140679382
140780934
140838771
140892924
141473075
141616897
141764945
141917513
142457559
142569872
142708814
142811274
143054970
143486443
143767163
144183466
144307380
144880234
146743826
147066962
147381384
147590582
147837706
148436354
148490897
148540185
148576959
149201078
149763024
149879370
149911577
150420040
150576175
151741320
152939211
153003178
154450678
154546904
154681363
155402602
155486147
156135077
156643677
156972423
159439278
160170471
160895810
161580347
162318809
162673141
162753147
162767701
162794851
163055919
163203013
163339206
163344636
163911297
164384449
164614991
166546040
166925864
167132810
167384724
168116273
168206195
168446630
168507629
168900336
169244243
170438650
170541960
170763225
170770713
170833203
171771560
172615957
173162548
173504259
174310290
174483676
175508759
175890291
176096313
176243168
176581222
176803037
178488220
178804962
179079155
179209134
179750914
180043635
180189604
180374280
181606251
181739062
181751328
182416071
182551445
182822760
183039995
183952274
184121290
184469833
184727979
184792692
184832365
185643026
185784339
186297242
186709017
187055537
187130533
187559761
187876241
189156737
189166536
189903547
190207678
192418782
192767800
194161792
194363559
194620110
195684811
195797099
196558893
196917835
196964795
197461172
197615286
198456796
198856845
199068561
199171792
200248653
200681049
200779914
200825866
201050166
202514782
202991279
203661319
204202730
204902419
205149246
205838590
205854713
206264818
206659826
206692053
206917794
207274141
207442309
207781333
207854304
208213176
208379830
208388050
208432791
208609994
208697975
209128387
210580938
211776706
211815775
212020886
212394886
214746067
215326502
215526420
216401466
216548432
216706018
219029356
219673145
220067191
220269086
220334659
220584981
220705014
221073871
221163713
221229001
223785491
224102657
224408505
226491723
226838905
227181468
227550438
227704614
227833987
227889286
228638882
230178568
230849724
230971061
231034733
231852689
232469336
232990722
233083988
233215294
233398265
234008024
234113100
234405116
234694036
235932444
236597910
237729286
238429006
239115911
239500163
239882088
240268637
240544379
241059549
241212213
241504602
241598991
242184642
244005549
244789833
245725966
245797307
246312774
246480725
246549406
248116761
248240719
249013939
249183163
250722065
250822637
251660306
251703291
251733057
251881201
251906059
252760046
252905420
252998468
254193095
255020137
256405646
256833473
257104197
257685726
257978188
258195561
259586566
260980071
261403444
261873849
262430624
262906773
263204995
263989902
264095739
264837651
266129304
266175634
266242534
266476517
266527389
266699042
267555525
268157774
269008949
269193337
269276785
269289535
269719129
269839671
270266829
270631096
271216473
271871690
271971206
272310647
272383125
274544883
274574678
275349828
275598604
275921485
276165029
276836137
276943420
277903845
277956243
278078475
278138951
278410392
279544199
279622633
279733104
279754842
279962909
281240787
281473113
281474691
282189278
282500906
282623516
282847559
283232797
283548664
283589911
283788614
283830103
283939871
283950077
284422775
285013076
285014847
285230515
285500815
287677616
287924295
289048296
289175670
290114664
290257991
290375191
291040901
292088903
292595160
294101798
294450134
294483237
294766810
295149718
295394104
295586252
295594060
295679782
296649127
297113477
297242027
297524340
297860571
299206039
299313872
299349076
299949381
300773941
300820178
300963089
300999690
301470914
302187836
302207219
302528541
302634643
303909554
304073029
304094971
304359032
304715128
306042689
306438546
306840604
306899657
306908721
307253587
307601647
308532050
310040672
310804703
311422680
311777719
312003317
312394492
312781747
313167960
313592068
313692903
314140976
314562345
314872930
315282990
315760217
316443633
316495651
317104738
317301860
317511906
317827616
318347580
318401132
318518779
319106260
319198568
319815207
320917569
321908666
322387464
322862868
322918647
323313227
324217580
324422329
324432438
325007511
325150674
325531400
326079697
326145706
326913657
327098959
327523502
327646818
328384471
329679681
330467988
332182028
332400995
332403057
332619902
332884250
332947529
333399531
333651441
333723389
334242847
334362544
334979431
335968309
336028152
336951504
337090553
337569209
338931261
340304979
340600030
342141052
342212837
342338003
342552045
343048270
343152064
343803384
344656572
344824220
345468589
345644366
345896549
346575265
346996037
347007047
347025617
347205618
347429839
348193408
349084758
349266205
349606289
350290714
350398854
350474901
351021725
351997572
352078147
353014297
353069002
353091177
353253794
353308894
353866367
354615161
354639088
355361054
355612471
355998475
356063411
356792678
357034776
357044124
357557869
357916723
358062433
359300900
359474493
359931407
360138920
360736141
361433515
362940124
363364127
363408896
364327794
364964546
365828022
366171512
366826467
366907851
367098983
367961510
368939874
369451088
369839275
370080384
370159529
370462353
370494156
371739465
372108581
372129133
372362450
372620250
373248256
373604704
373833934
374127081
374434238
374768055
374980240
375142090
375682900
375687309
376182865
376937270
376979405
377245142
377692593
377770477
379484304
379496947
379866853
381377869
381854857
382630126
383210531
383465399
383476512
383668274
383875662
383887545
384023852
384032125
385136153
385348255
386897617
387303754
388219690
388502342
388952104
389445959
390005667
390852188
391734126
391782826
392258200
392320000
392384167
392627238
393524443
393698990
393701856
393850009
393951654
394616338
394842369
395739878
396149305
397012845
397402745
397734388
398052322
398634292
398995632
399909804
400283005
400496404
400945159
401389774
401803560
402716362
403128111
403156429
403382004
405391404
405576613
406184742
406199008
406858071
407305377
407401904
407961133
408478288
408685260
408838248
408984106
409422542
409560957
409727688
410701230
410972010
411106948
411864570
411866342
412236075
412248983
413117186
413662077
413667128
413771875
413802425
414164374
414222742
414685115
415123147
415759107
415793951
416048771
416161163
416171906
416876370
417499846
417614770
418655245
418704234
419268302
419370103
419453902
420328502
420534544
420984657
421047262
421904250
422409169
422739642
422963031
423066724
423218534
423503578
424203582
424258828
424580074
425682046
425733103
426306790
426324950
426625219
426896535
427341287
428388623
429110263
429788946
430004029
430172980
430703401
431274872
431993604
433098348
433900837
434381810
434787938
434989443
435033046
435364580
436143193
436376082
436408705
436745523
437987053
438516708
438562699
438686244
439214290
439612809
439841726
440168022
440936037
441118182
442032732
442350497
442730067
443478096
443480101
443507810
443803727
443998613
444140778
444415649
444704632
445156403
446292101
446527359
446537946
447143432
447746717
448644945
449643443
450061526
450174368
450305955
450411334
450415066
450971638
452375957
453922331
454331377
454758771
454870455
455280172
455758739
455870715
456092496
456262501
456347249
457119573
457141600
457581752
458082945
458779026
459064088
459787028
459864919
460717617
461446945
462406272
462996550
463313049
463943822
464858868
464997945
465085572
465539019
465962863
466431051
466664535
466683880
468742171
469014022
469329540
469381895
469476309
469787282
470235247
470598553
470863481
470932650
472637087
473052251
473258864
474583478
474770023
474798449
475135611
475712416
476409078
476619043
476928028
477842352
479929273
480035103
481027541
481094302
482429478
483140787
483354456
483916326
484598551
485412100
485950279
486137964
486212990
486689543
488504761
489685500
490702393
490944093
491105415
492124397
492608202
493267557
494071422
494128163
494387258
494508591
494656719
495145810
495335335
496581875
496840830
498279726
498771589
498899561
498933496
499317801
499806155
499938851
500361633
500616843
501216204
501443408
501579124
502499417
503325833
503491702
503667198
504207065
504436237
504704706
504843064
505155567
505641555
506142666
506170431
506572009
506658768
506978507
507730231
508912042
509149794
509281364
509591438
510170125
511198633
511227597
511480727
512617306
512720214
513029434
513281491
513407641
513623030
514011032
514899937
516061123
516064965
516209843
516731787
516937746
517039502
517408892
517800169
518798047
519984240
519994688
520323154
520501386
520637081
520832899
521695391
521763280
522331186
522420044
524142859
524428521
524853500
524872353
524933933
525017507
525975322
526047364
526111614
526200737
526910410
527354017
529384350
529708673
529772599
529774296
531318140
531377512
533986969
535824667
535859619
536703370
537519085
537625684
537788824
537825863
538034364
538096447
538577310
538709877
539146527
539628810
539643344
539763067
540268244
541077294
541285134
541630620
542797344
543069514
543677031
543705107
544330934
545908011
546089937
546101290
546504306
546637209
546849683
547152889
547209939
547922356
547937774
549166959
549319223
550605618
550629443
550748229
550749052
551253414
551880891
552155991
553004151
553198129
553543887
553735859
553899915
554417210
554434600
554583934
554924843
555290741
555533224
556787997
557208508
558449197
558788545
559166103
559583962
560201965
560403062
560599433
561405903
561479084
561642911
562009464
562095632
562163047
562478304
564635648
565309514
565394957
565563624
565647801
566152123
566337398
566830973
567451496
567848640
567994088
568151714
568459913
568612677
569291382
569337880
569604758
569606061
570242136
570851173
571974325
572033748
572362517
572514571
573062561
573075166
573593167
573599609
573793279
574023763
574185447
575452685
575863824
576085204
576291749
576514370
576531328
576665249
576678147
576863996
577162188
577313406
577752246
577819838
577988550
578151635
578950401
579414579
579520179
579615575
580142079
581145354
581628056
581662703
582575561
583554191
584246469
584291266
585074396
585636970
585965012
586245028
586838479
586978283
587179235
587524457
587758604
588146453
588359954
588439759
589795515
590198063
590218674
590583705
590807833
591300301
592224095
592359644
592799892
593169862
593377604
593715687
594230085
594805019
594918631
595362527
595503597
596057485
596555899
597339195
597472796
597777750
598678476
598821202
599111730
600047875
600215150
601993115
603355207
603684160
604218959
604794700
605080159
605513236
606105696
606130361
606411105
606821733
607317234
607398130
607833385
607864857
608064228
608138509
608918999
609698806
610138948
610173613
610768769
610843202
610958643
611435438
611474186
611582621
611913564
612329959
612440607
612680577
612931986
614250748
614601764
615245822
617515826
618216603
619482050
619526927
619669887
620084437
620090379
620233914
620983442
621258667
621786193
622177849
622298924
622815275
622839256
623445748
623506641
623560017
624385981
624615321
625052284
625090752
625179322
625364383
625497511
626278205
626386281
628506728
628658543
628970013
629177072
629296185
629323199
629611755
629668752
629759962
630293254
630502625
631107991
631321480
631817080
631849626
632460460
632618512
633665517
634868322
634966649
635315501
635614244
635736754
635756909
636986145
637003757
637163454
637318747
637529250
637573079
638674352
638991434
639170475
639414281
639713479
639937185
639943181
641912230
642090237
642409898
642427706
643182866
644278460
644330036
644406229
645995996
646356710
647799397
647902317
648723077
649078447
649687048
649907809
650162791
650485788
650680848
651261020
651768225
652101451
652441124
653714473
654316192
654446586
654552922
654662946
655150613
655519994
655907973
656084710
656598682
658266509
658873392
659273435
659279173
659355741
659441804
661557508
662034845
662148225
662747049
662845240
663116405
663237792
663325238
663816169
663913721
663961890
663993531
664180669
664442306
664743777
664940746
665174945
665752396
666108176
666695150
667720660
668836421
669716327
670106700
670635906
671122934
671517134
671649030
671849374
672222674
673103781
674177005
674345491
676684147
677319670
677444122
677727424
677846615
677974809
679770037
679886700
680104938
681196955
681328856
681682814
681722753
682170580
682484836
682748115
682796364
682822819
683562070
683867020
684040149
684466642
684732985
684737271
684749522
684844457
684861076
685146728
685365243
685524073
685562564
685567987
686035617
686704332
686755142
686788079
686820505
687476367
687579883
687698906
688022630
688234694
688677544
689276041
689310224
692061894
692183994
692354792
692643351
692647736
692963761
692980705
693317250
693879307
694099595
694648246
695762925
695874600
696512156
696746339
697355637
698238049
699059853
699425751
699482048
699645830
700439333
702044543
702533755
702987980
703140155
703686502
703884299
705053193
706419084
706679940
706868004
707711300
707829536
708155003
708723098
709084019
709806360
711264214
712100235
713242647
713254145
713699389
714010343
714170155
714365899
714484184
715161752
715431677
715461378
715663056
715911517
715913025
716773994
717443396
717453948
717677850
717819487
718331143
718994377
719001392
719097545
719166480
719390168
719595118
719980098
720006042
720059774
720178646
720325606
720511873
721524984
721955149
721977739
722106620
722172306
722496252
723044507
723400594
723493762
723671543
724510304
725008660
725066899
725241217
726853818
728823579
729314459
729408520
729767840
729913532
730913361
731663110
731697672
732332345
732550991
732979134
733020118
733044753
733638415
733719100
734123106
735490539
735863232
735958542
736495841
736732943
736899609
737069120
737394604
738502482
739089693
739235432
740360252
740367152
740450853
740469072
740718952
740722243
740886023
741990510
742081271
742557884
743014166
743570680
743592210
743734412
744265101
744355606
744372617
745417096
745961738
745999813
746052605
746493829
746601786
747430812
747723194
748299738
748503810
749231499
750028330
751396819
751493717
752407620
752721133
752975587
753994791
754071349
754363757
754846871
755253300
755850620
756129638
756453945
756591930
756707292
756800102
759382621
759447776
761028717
761271802
763111736
763484346
764659020
764794551
765025400
765152824
765837393
767832634
768304899
768411759
768536407
769266850
769404129
769660416
770368262
770790085
770945143
771977230
771979271
772711092
773003602
774606623
774619628
774701401
775190222
775239286
775657806
775969491
775976219
777090154
777247510
778852759
778938979
779257107
779656500
779870031
779930872
780013483
780159703
780191873
781494426
781565322
782028957
783089025
783160186
784082420
785579539
785657658
785791131
788256409
788552488
788689006
788799763
789770768
790210321
790239605
790992035
791247903
791639516
792403224
792678698
792756049
793228561
793821352
793882445
794019192
795232145
795546196
795997806
796494508
796778757
797161353
797174136
798031609
798204692
798464398
798637820
798915959
799760272
799811270
800423685
801243444
801285606
801296701
802103581
802620359
802710294
802732692
803924581
804348551
804610455
805433142
805819819
806030336
806267228
806278398
806614029
807023332
807485431
807824080
807945845
808071315
808315169
808344439
808559006
808634787
808748557
808781406
809112482
809478305
809510876
809636738
810037716
810237661
810964521
811236459
811367116
813071152
813428584
813789639
814576382
814615790
815677775
815823037
816168107
816725644
816911076
817148173
817172653
817767032
818168309
818202739
818633524
819303711
819736239
819868456
820473086
820903131
821483570
821609454
822088979
822542176
822767888
822775600
823109524
823376296
824638269
825064132
825209197
826129546
826330357
826856933
827309443
827320035
827648765
828196139
828329927
828338681
829278225
829694490
829997970
830501768
831167229
831751719
831883943
832008872
832297306
832370990
832688293
832795264
833242556
834068396
834460281
835287315
835342792
838814764
838917027
839220804
839426280
839856393
839975992
840406246
840457308
840673166
841812831
842423299
843372576
843557639
844601011
845131587
845236823
846363885
846455593
846604246
847485190
847703032
848341622
848470253
848834242
850391342
850656718
850683170
852785548
853183393
854514311
855063079
855080054
855293322
856823510
856834115
857455488
859381334
859642837
861165055
861863740
862348649
862879286
862987961
863318581
863813909
864180424
864403758
865117234
865167133
865201447
865335929
865381639
866330403
867069580
867127740
867780008
868767050
869243055
869324797
869530815
870128690
870372861
870573213
871541342
872468023
872602603
872912351
872938045
873191707
873217944
873686012
874326264
875137903
875241140
875571041
876213205
876408373
876734290
877409839
878040999
879131284
880349787
880350992
880360112
880520017
880977271
881313229
882174242
882195499
882454065
882567836
883199965
883429447
883841799
883974718
884158719
884412067
884451993
885560437
886005781
886902596
888291119
888975436
889906264
890518991
890721481
891509211
891631121
891762513
891944708
892100638
892341866
892481677
892652297
893446198
894627801
894653257
894806239
895187682
895194823
895423401
896233659
896497597
896765929
897264758
897760915
897852564
897999606
898416912
899589862
899695751
899717728
899748175
900744302
902163091
902169821
902545982
902547220
902776887
903493272
904389198
904488202
904839796
904968369
905208835
905456832
905575485
905683776
906262163
906776348
907971057
908952789
909999356
910055832
910060315
910327083
910904873
911800352
911846424
912189689
912756822
912781477
913324608
914426844
914471105
915337913
915390436
917489819
917597956
918439916
919245537
919590198
920060668
920083966
920407194
921145935
921838313
922360896
922672570
924428054
924645480
924736812
925136506
925178035
925251837
925647498
925729292
926405482
926884722
927429208
928096195
928115841
928332893
929029394
930141020
930194412
930368098
930382037
930971667
931275836
931645677
932060200
933528872
933544350
933997605
934089426
934397845
934791552
935005951
935408560
936453639
936651105
936807135
938440472
939432631
939504020
939524605
940795750
941183294
941709345
942406252
942690856
943070489
943899417
945617909
946252256
947914252
947943030
948219980
948514153
948794904
948940997
949558935
950186893
950601516
951012307
951230100
951742762
951898262
951946455
952181599
952516932
953853406
954701981
954800952
955200627
955347869
955694689
956322425
957509456
957556089
957869481
958097531
958348584
958691617
959428987
959584928
959729567
959825966
959846307
960441173
960655547
961034272
961379233
961667119
962731321
963664018
963669387
964080583
964754841
964905276
965116019
965783867
966245083
966324697
966687576
967246602
967254782
967769542
967976664
968873631
969124698
969409881
970311355
970541220
971864177
972120889
972231206
972517848
973156565
973420647
973732580
974342545
975810135
975901977
975992647
976382691
976586364
977453071
977567194
977698394
978606347
978773616
978822659
979533148
979998716
980075978
980348719
980504791
982081173
982235472
982721895
983786815
984009381
984135195
984571619
984674766
984844958
985075283
987388151
987776981
987801008
988065664
988352564
988421543
988707563
988956211
989052169
989783148
990206929
990333840
990622814
991541403
991541580
991580669
991928536
992264900
992712469
993039361
993583530
993707353
993916443
994305331
995370707
995437288
995515371
996946258
997978568
998166758
998757950
999352399
1001167309
1001305202
1001966742
1002116830
1002508915
1002620856
1002978510
1003026870
1003139937
1003244507
1003812096
1003816269
1004535460
1006262195
1006660257
1006722175
1006812675
1007076262
1007434712
1008201810
1009058177
1009362373
1010174488
1010349570
1010457023
1010799389
1010947706
1011303786
1013082629
1013408981
1014457103
1014473330
1016248845
1016319570
1017009293
1017149377
1017384629
1017500724
1018132517
1018525607
1018706680
1018803215
1019271543
1019623466
1020319422
1020342227
1021215542
1021310310
1021463796
1021574359
1021794056
1022942843
1023298776
1024027068
1025259877
1025325315
1025423191
1025848204
1025976662
1026223689
1026483995
1027842710
1028083031
1029353029
1029664468
1031324975
1031533048
1031955410
1032383793
1032425540
1033704650
1033718247
1034420033
1035651996
1035737168
1035800504
1036309337
1037671573
1037689090
1038167584
1038453539
1038605973
1039165380
1039305031
1039857595
1040486098
1041986486
1042403440
1042543195
1043106595
1043377811
1043802313
1044125385
1044248495
1044318084
1045153692
1045928322
1045946991
1046709656
1046803435
1046857754
1047248543
1047465413
1047506870
1047514293
1048386760
1048441202
1049124107
1049813081
1050557004
1051275040
1051927114
1051971588
1051987217
1052161322
1052261267
1052385219
1052647893
1052719637
1052831278
1053469096
1053517639
1053746661
1054413206
1054968268
1055281941
1055733835
1055831188
1057197629
1058076851
1058406704
1058512794
1058952784
1059785762
1059886259
1060748264
1060803672
1061005570
1062123458
1062573996
1062742070
1062989752
1063242997
1063483412
1063665622
1063912128
1063978501
1064172913
1064206783
1064322389
1066786799
1066934582
1066999593
1067234827
1067322358
1067415049
1068402666
1068455606
1068484388
1069794235
1071291491
1071512354
1072787737
1073185914
1073231267
1074429228
1074639753
1076475700
1076498256
1076523979
1077108679
1077142907
1077456825
1078053518
1078196416
1078807591
1079019064
1079372593
1079374287
1079439275
1079863301
1081441755
1082486400
1083115826
1083595238
1083845348
1084395996
1084582352
1084850002
1084918784
1086176887
1086238326
1086261529
1086549601
1087115364
1088427937
1088784710
1088861729
1089090555
1090431937
1091173567
1091208577
1091393818
1091417661
1091617794
1091644480
1091868547
1091888209
1092720871
1092840043
1092962043
1093177978
1093669184
1093776688
1094263562
1095649085
1095659306
1095697642
1095844219
1095977509
1096330187
1096345375
1097307794
1097573509
1098386812
1098733276
1099393927
1101559895
1102801417
1102835160
1103598547
1104821142
1105613019
1106482783
1106527543
1107119922
1107262837
1108748263
1109438706
1110202453
1111912799
1112541107
1112641557
1112888547
1112921690
1113154570
1113668361
1114318818
1114549335
1115134913
1115643828
1115650148
1116544425
1116981461
1117927111
1118390748
1118468398
1118645842
1118844680
1119350796
1119405076
1119526629
1119558095
1119566897
1120538304
1121529554
1122060492
1123128784
1123478605
1123707953
1123931874
1123989230
1124105219
1124651334
1124898928
1125031940
1125279162
1126226880
1126410341
1126832791
1127516629
1127816758
1128066090
1128089598
1128496080
1128519188
1128777643
1128926218
1128962881
1129993293
1130064324
1130148517
1130476560
1130636051
1130668551
1130713965
1130841775
1131861823
1131908292
1131977460
1132136548
1132664718
1134203222
1134718106
1135161592
1135262411
1135930375
1137890496
1137959237
1137969645
1138976058
1139382523
1139887200
1140023696
1140292554
1140424089
1140598438
1142354597
1142581849
1142611041
1143046554
1143362301
1143866955
1143945452
1144086036
1144445376
1144569758
1144627955
1144965023
1145242292
1145593292
1146228155
1146729586
1147080027
1147926119
1148038794
1148215615
1148266736
1148617096
1149439749
1149462633
1149701491
1150155852
1150969743
1152384065
1154159242
1155055122
1155139383
1155475404
1155706328
1155739103
1155865911
1155940392
1156001082
1157248607
1158176835
1158643750
1158854875
1159092492
1159125788
1159543910
1159781394
1159945177
1160428910
1160537008
1160679067
1161259386
1161360168
1161792497
1161989765
1162566839
1162617872
1162623010
1162882407
1162891020
1163095734
1163625102
1163965655
1164011300
1164311573
1164484666
1164646005
1166948153
1167091483
1167247600
1167331983
1167373410
1167566690
1167809173
1167848502
1168092009
1168896054
1169517547
1170226868
1170741346
1170874952
1171924683
1172077513
1172081364
1172178409
1172190332
1172371843
1172461054
1172699536
1172748503
1173342231
1173454928
1173544942
1174759693
1175001483
1175706803
1175940811
1176234101
1176353600
1176545376
1176853539
1177162229
1177218630
1177547861
1179716927
1180243350
1180313443
1181098048
1181138141
1182334793
1182743681
1182845933
1183221522
1183497672
1183716379
1184669565
1185243047
1185244459
1185644358
1185766879
1185932300
1186037601
1186838603
1187417240
1187624125
1188208484
1188241943
1188458031
1188928299
1189116489
1189135090
1189609343
1189667206
1190898629
1191134018
1191286959
1191501902
1191646716
1192020324
1192252392
1194161717
1194267388
1195007235
1195548325
1195568317
1195908063
1196597315
1198843052
1198861330
1199061443
1199502946
1199552307
1199581891
1199985630
1200660896
1200892974
1201797980
1202029543
1202085206
1202374531
1202403695
1202804870
1205431863
1205476267
1205490730
1205770262
1206511648
1206588994
1206626540
1206812331
1208250396
1208460512
1208588671
1208653906
1209102928
1209501159
1211257855
1211607932
1211877255
1212543190
1213287298
1213349978
1213702157
1214179518
1214495613
1215197081
1215613999
1215662550
1215984744
1216595824
1218337718
1218672760
1218990201
1219497565
1219602762
1220053612
1220231738
1220444464
1220483395
1220658214
1220972964
1222319277
1223099703
1223260256
1223312898
1223328209
1223828715
1225163651
1225278104
1225420870
1225646465
1226985352
1227201679
1227488030
1227690897
1228269002
1228637858
1229646179
1230843998
1230941410
1231368043
1231375635
1232195535
1232231570
1232553455
1232741750
1233271179
1233415918
1233869831
1234060811
1234769542
1234837337
1236663980
1236680958
1237102009
1237154529
1237346629
1237408759
1237415044
1237429032
1238363778
1238442265
1238726567
1239447328
1239824657
1240301899
1240461025
1240594829
1241349999
1241424599
1241451374
1241607156
1242270474
1243379871
1243772392
1244171951
1245092493
1245722653
1246105784
1246219946
1246228082
1246235808
1246819149
1247262619
1247433590
1247603645
1247639142
1247668324
1247987796
1248201980
1248433603
1248443664
1248720300
1249553270
1249567733
1250069805
1250226469
1250996431
1251034931
1251845785
1253333361
1253335079
1253929191
1254000553
1254242190
1254957165
1255113456
1255707588
1255850903
1256440967
1256581146
1256949108
1257724583
1258007253
1258037626
1258070645
1258846865
1259224246
1259257424
1259820701
1260157903
1260298519
1260744773
1262244202
1263002041
1263015538
1263241474
1263924528
1264241474
1264502928
1264518051
1264993429
1265602345
1266114021
1266246823
1266392416
1266603494
1266656241
1266924306
1267313974
1267647495
1267968912
1268771121
1269695037
1270121132
1270778893
1270992387
1271002213
1271103805
1271812812
1272475194
1273722838
1274033125
1274287001
1274460454
1274508080
1275023130
1275208837
1275578225
1276397687
1276422123
1277084191
1277137696
1278338134
1278890666
1280321067
1280689875
1281547147
1282794238
1283197200
1283752498
1284166263
1285992583
1286293520
1286346781
1286685795
1286911816
1287858231
1288144792
1288183711
1288250535
1288328686
1288704752
1289025544
1289095553
1289682805
1290543347
1290762299
1290956367
1291253506
1291427278
1291760204
1292741840
1293537804
1293669110
1293875916
1294479303
1294579097
1294938426
1296047263
1296258748
1296780947
1296804628
1297110169
1297397640
1299434452
1299584278
1301036884
1301908363
1302015545
1302566879
1302805495
1303894371
1304039248
1304882339
1305387577
1305646269
1305702864
1305767761
1306292517
1306383299
1307900080
1309019043
1310556719
1310717488
1310718371
1310727314
1311360351
1311437418
1311554861
1311719132
1311867170
1312569175
1313568946
1314432787
1315908778
1316074670
1316602106
1316896211
1317089987
1317947389
1318313536
1318466601
1318675126
1318753389
1318772265
1319771060
1320260601
1321823221
1321886607
1323151905
1323235326
1323758900
1324676987
1324964668
1325453300
1325659062
1326392930
1326866902
1328639450
1328902310
1329645977
1329774407
1330064524
1330148623
1330305234
1330523308
1330841158
1331175681
1332219746
1332644599
1332764217
1333857453
1334096863
1334637805
1337569323
1337842268
1337844984
1337858665
1337876303
1337975086
1338572013
1338948700
1339164675
1339276905
1339564179
1339770847
1340172426
1340430228
1340996288
1341676089
1342553169
1342818930
1343626900
1344113152
1344238367
1344401026
1344512801
1344695223
1344994029
1345124271
1345140927
1345141148
1345168147
1346563394
1346666400
1346776281
1346808306
1347189291
1347410241
1347569607
1347662968
1348140797
1348542331
1348864081
1348896421
1349110600
1349438683
1349583627
1349754232
1349813356
1350062822
1350285946
1351100702
1351127842
1351180361
1352192747
1352288485
1352461184
1353420173
1354736939
1355186653
1355355638
1355430647
1355441321
1355977745
1356356896
1356398104
1357029795
1357454381
1357925730
1358328849
1358823761
1359212231
1359235335
1359464027
1359794800
1360550772
1361111505
1361179405
1361881856
1362322908
1363177814
1363849443
1363916412
1364139081
1364441313
1366633871
1366821456
1367297499
1367437423
1367632706
1367885266
1368683715
1368828707
1369068191
1369109913
1369382202
1370818718
1370984324
1371353253
1371399062
1371563954
1371607604
1372044964
1372082858
1372795027
1372846753
1373664444
1374086094
1374269494
1376052789
1376078147
1376590708
1376833221
1377069607
1377553715
1378004876
1378384891
1379024307
1379181491
1379591997
1379651743
1379724401
1379909932
1379975541
1380145831
1380308327
1380390115
1380823310
1381750557
1382147593
1382199628
1382251521
1382380912
1383288623
1384227508
1384392392
1384761557
1384829146
1385177587
1385470170
1385619690
1385674896
1385844865
1386125270
1386233018
1386561076
1386699691
1386940398
1388025340
1388331311
1388431539
1388881429
1389948945
1390031428
1390120390
1390190337
1390289188
1390465559
1390729419
1391092237
1391205879
1391409876
1391726998
1391956957
1392109713
1393278107
1393804941
1394076123
1394152297
1394507319
1394736315
1395012388
1395341182
1396297765
1396474192
1397062139
1397256608
1397553041
1398240760
1398397671
1398440574
1398497571
1398593469
1398667507
1399091515
1400090326
1400331827
1400493091
1400601376
1400869395
1400894404
1401102228
1401471926
1401868206
1402147268
1402225704
1402282766
1402338549
1402459547
1402464363
1403169685
1403380441
1403944935
1403990260
1404013330
1404303362
1404836189
1405156020
1405554408
1405740805
1406187268
1407293234
1407363495
1407381614
1408139411
1408218069
1408553580
1408977192
1409159625
1409839264
1409996800
1410106571
1410303757
1411702157
1411956256
1411987121
1412366027
1413507777
1413591501
1413631077
1413656213
1413927459
1413991689
1414453345
1414602885
1414746507
1415469002
1416170183
1416293044
1416463146
1417026727
1417038260
1417244712
1417778495
1417888557
1418389173
1418598836
1419037537
1420030790
1421404653
1421611670
1421744357
1423018279
1423720114
1424076609
1424090124
1424322294
1424547897
1424803360
1425214263
1426704581
1427280022
1427613463
1427692606
1428057243
1428060672
1428228418
1428304619
1428512419
1428830866
1429962571
1430183647
1430469193
1430548557
1431538297
1432027883
1432164350
1432328032
1432335262
1433050087
1433196755
1433795274
1434344441
1434566632
1435497816
1436071484
1436095415
1436568969
1437078008
1437661276
1438123002
1438551171
1438609718
1438929555
1439491233
1439678281
1439818660
1440758627
1440781691
1440825948
1441034361
1442784115
1443997150
1444135102
1444269980
1444629480
1444860337
1445182423
1446683508
1446740655
1447831954
1449219550
1449467437
1449589995
1450571100
1451151883
1451502068
1452268554
1452289655
1453206426
1455160094
1455683068
1456411311
1456693724
1456851019
1456937666
1457237124
1457491311
1457624247
1457876326
1458904499
1459325759
1460581904
1461053074
1461229919
1462110140
1463660807
1463677073
1464282328
1465375797
1466033219
1466300769
1466841936
1467173739
1467375466
1467513188
1467650241
1467700140
1467986664
1468163038
1468438472
1468474549
1468847812
1469087273
1471202691
1471356921
1471403132
1471620594
1472554267
1473292578
1474039705
1474241244
1474529961
1474551518
1475297190
1475318056
1476453859
1477257636
1477290848
1478168582
1478483722
1478751949
1479038588
1479167656
1479347412
1479819283
1480130954
1481498336
1481561156
1481873618
1482163078
1482304200
1482333179
1482665714
1482678979
1483420652
1483680753
1484694585
1484929906
1485584616
1485782856
1486166241
1486402053
1486664348
1486826983
1486985944
1487218119
1487643975
1488764524
1488842162
1489067589
1489508329
1489723471
1490148375
1490149130
1490331881
1490437929
1491117876
1491382687
1491415699
1491445793
1491819034
1492507009
1493795911
1495118063
1495214582
1495392250
1496369188
1496499652
1496765845
1497532545
1497661294
1498020109
1498456116
1498829339
1500101093
1500290008
1500896155
1501365272
1501614655
1501728393
1501887024
1502384128
1502499306
1502908437
1503017070
1503144973
1503246418
1504101467
1504147626
1504224956
1505054609
1505282652
1505497019
1506329958
1508791184
1508814307
1509174136
1509724703
1510535961
1510608778
1510928723
1511475221
1511588122
1512897238
1513264197
1513429598
1514457459
1514702701
1515020873
1515380636
1515752875
1517456991
1517921109
1518086286
1518123966
1518193491
1518762393
1519082101
1519309616
1519753784
1519939830
1520258699
1520995893
1521519046
1522015094
1522034394
1523270060
1523300003
1523556510
1523894984
1524321699
1524708981
1525912503
1526276327
1526621792
1526642956
1526735729
1527587398
1528582333
1528738826
1529692985
1530097537
1530637244
1531215452
1531321727
1532007519
1532395790
1533431286
1533514352
1533793520
1534037859
1534469939
1534533979
1534709510
1534791934
1534937567
1534952704
1536634368
1536735997
1537140172
1537558462
1537873559
1538440715
1538455997
1538494625
1538926966
1539026340
1539476928
1539520823
1539994473
1540010585
1540210952
1540594682
1540602617
1540995004
1541001222
1541022066
1541776943
1541882742
1542405473
1542484502
1542637255
1542716498
1542755531
1543007289
1543965707
1545196673
1545357299
1545419321
1545610455
1545760085
1546132259
1546157617
1546409785
1546967583
1547737695
1547830469
1548247849
1548362353
1549062508
1549071442
1549862737
1550454106
1550951336
1550972206
1551011036
1551259474
1551277975
1552522955
1554024740
1554967137
1555453204
1556054410
1556629136
1557041791
1560096374
1560430004
1560873771
1560926889
1561053360
1561062736
1561215390
1561282056
1562513088
1562984657
1563948826
1564212972
1564263657
1564639953
1565161061
1565311064
1565357795
1565792860
1566222338
1566380233
1567083386
1567790444
1568824047
1569874273
1570424428
1570605855
1570722818
1571010399
1571639378
1573567111
1574308849
1574505032
1575551276
1575767486
1576080664
1576442940
1576538824
1576721202
1576723475
1576901576
1577556519
1580509910
1581189615
1581813413
1582154442
1582161377
1582174963
1582188971
1582474894
1583761545
1583918404
1583954836
1584489917
1584720209
1584984459
1585113638
1585219549
1585903456
1585999432
1586069660
1586137903
1586143719
1586362959
1587284628
1587415815
1587665846
1587823219
1587863285
1588324917
1588358846
1588681012
1590024674
1590879793
1590897732
1592222343
1592913191
1592984820
1594048610
1594426685
1594588887
1595137334
1596224541
1597333026
1597334223
1597841469
1598303165
1598370596
1599445459
1600119319
1600229421
1600873155
1601698738
1602138499
1602282633
1602345402
1602726252
1602985784
1603246326
1603829588
1603909011
1605739083
1606411102
1606510133
1608179193
1608370316
1608460190
1608589462
1608591979
1609101280
1609826871
1610568024
1610606650
1610812361
1610875562
1611025741
1611535170
1612358838
1614237188
1614311409
1614405960
1615032403
1615528812
1615763986
1616614153
1617306213
1617379819
1617395481
1617615146
1617826302
1618415982
1618885595
1618916831
1619303947
1620029539
1620068296
1620223833
1621485651
1621665756
1622088578
1622484371
1622629683
1622687615
1623033476
1623149803
1623525968
1623691018
1624568005
1625230394
1626274958
1626869920
1627254182
1627680990
1628778722
1629630786
1630591744
1631070951
1631121029
1632549209
1632595025
1632788106
1633080749
1633328407
1633777618
1634735844
1635334266
1635472845
1635550141
1635671659
1638342984
1640056454
1640208642
1640759608
1641313131
1641404442
1642339081
1642340557
1642388733
1642643256
1642781039
1643353681
1644186354
1644213573
1644725301
1645144469
1645178837
1645673546
1646680662
1646729551
1646885842
1649139997
1649359954
1649559598
1650002452
1650029446
1650162348
1650705411
1651461973
1652824934
1653135271
1653163169
1653442659
1654066616
1654273914
1654367402
1654694997
1655034018
1655928974
1655947634
1656796464
1657015436
1658748624
1659632212
1660373596
1660943360
1661404159
1662173505
1662196348
1662624203
1663085663
1663314432
1663362006
1664240799
1664688477
1664743090
1665093711
1665263267
1666089645
1666432434
1666587437
1667336525
1667505624
1667688763
1668149953
1668347439
1668495383
1669631963
1670484795
1671621304
1671900541
1672314603
1673065457
1673648802
1673732862
1675395134
1675799611
1676849134
1677168930
1677198389
1677783463
1677814210
1677870226
1677872961
1677970566
1677985854
1679071061
1679699430
1680373510
1680562897
1680985476
1681303087
1681484819
1682077317
1682493673
1683701330
1684061795
1684818982
1685894105
1686334387
1686337635
1686377684
1687019020
1687178985
1687403834
1687405474
1688399272
1689229834
1690868713
1691795474
1692387114
1693019504
1693208957
1693317957
1694667508
1695893817
1696228188
1697128433
1697144497
1697251916
1697626560
1698394722
1698402220
1698715687
1699516117
1700815510
1701236732
1701246172
1701255675
1701485657
1701606272
1701828379
1701952442
1703186486
1703329153
1703489581
1704077711
1704821989
1706548991
1706557466
1706684775
1706835528
1707042454
1707280704
1707434113
1707642905
1708260568
1708775711
1709206300
1709225421
1710072494
1710670824
1710937588
1711027095
1711088734
1711338568
1711362241
1711588145
1712512282
1712631873
1712649895
1712769206
1712958783
1713017037
1713248625
1713766485
1714154062
1714166873
1715075732
1715197228
1715370975
1716966928
1717507814
1717996473
1718827891
1718960351
1719090034
1719925607
1720846637
1721450836
1721695902
1722549113
1722911373
1723733012
1724873174
1725017650
1725048082
1725529658
1726483732
1726676631
1726871665
1726915684
1727113344
1727255352
1727392114
1727510985
1728113965
1728120255
1728445745
1729413862
1730248709
1730685377
1730742767
1730781869
1731006501
1731730835
1731931435
1732258575
1732927767
1732972167
1733029304
1733569091
1733577852
1733947960
1733999055
1734068287
1736071585
1736941500
1737078819
1737233005
1738147635
1738640620
1738871333
1738928913
1739008597
1739346672
1739492960
1739795025
1740864361
1740934795
1741648569
1741695795
1741883269
1741939456
1742210865
1742244332
1742324497
1743553347
1743579276
1743748535
1744138377
1744805076
1745274609
1745372907
1746147053
1746221452
1746575361
1747528224
1747760757
1747774523
1747916368
1748323393
1748723607
1749220525
1749339433
1749424042
1750107648
1750570750
1750931017
1751219566
1752305017
1754560195
1754656750
1754773488
1755330845
1756426723
1758482682
1758712700
1758948648
1759094124
1759540265
1759870423
1760439892
1760624110
1760692108
1761169687
1761691395
1761741642
1761837280
1762158850
1762238593
1762310681
1763027041
1763072743
1763901987
1764497251
1765202593
1765451082
1766400774
1766948771
1767053499
1767088613
1767401181
1768038940
1768306518
1769081900
1770117012
1770422012
1771308866
1771380912
1771807985
1771966082
1774068022
1774274166
1774314846
1774669621
1775209243
1775662954
1776568098
1777173193
1777182132
1777287328
1777542860
1777839692
1778086899
1779156729
1779370088
1780458049
1780554290
1781272560
1781350688
1781846446
1782654270
1782785421
1783909742
1784515652
1784884286
1784978558
1785422346
1786216980
1786358543
1787494298
1787778281
1788077288
1788095034
1789279418
1789329814
1789648240
1789706668
1789999522
1790263302
1790282114
1790381300
1791757991
1792114029
1792439100
1792707998
1792917224
1792931549
1793200822
1793214645
1793311246
1794765476
1795119503
1795255068
1795465915
1795793988
1796426916
1796627053
1796649448
1796930479
1797374212
1797415645
1798235719
1799100403
1799223132
1799388853
1799504299
1799632683
1799765889
1800299711
1800424278
1800876291
1801291134
1802243610
1802280667
1802282201
1802441419
1802589933
1802966047
1803339521
1803465114
1804106502
1804286762
1804755004
1804822232
1804973743
1806873618
1806951531
1808548011
1808618132
1809829461
1811086813
1811214145
1811275854
1811960685
1812075152
1812669795
1812963704
1813438583
1814003330
1814169488
1814871379
1815223520
1815771522
1815892982
1815927965
1816014868
1817366477
1819627447
1820577116
1821486528
1821536065
1821839541
1823061958
1823603472
1824123336
1824559846
1825109959
1825824749
1826812191
1827214410
1827578655
1828466281
1828880666
1828990180
1829465515
1829623344
1831424245
1832002081
1832126397
1832574364
1832988382
1833107095
1833259371
1833357038
1833831443
1834295046
1834316884
1834374941
1834694726
1835088956
1835187444
1835423552
1835629752
1836283714
1836500167
1836866265
1836872636
1837404707
1838804481
1839573702
1840061994
1840263620
1840290961
1840792321
1841187863
1841919327
1842416344
1842728251
1842781358
1843089438
1844164993
1845333287
1846062508
1846475099
1846774260
1846854379
1846873530
1847013895
1847070642
1847144463
1847235418
1847239278
1847461745
1848056706
1848081454
1848876062
1849220906
1849598763
1850097004
1850311835
1850318818
1850550750
1851371059
1853633962
1853677820
1853811567
1854317376
1854870387
1854932468
1856826339
1858099743
1858471110
1858633848
1858680840
1858851216
1859190183
1859191848
1859393587
1859482039
1859775388
1860294273
1860303112
1860646362
1861232093
1861438711
1861598808
1862272524
1862670711
1862693625
1863731437
1864052124
1864558830
1864949371
1865019081
1865246925
1866312787
1866567254
1866727937
1867001390
1867082208
1867201652
1867864303
1868451163
1869027291
1869452120
1870068301
1870416458
1870928984
1872446522
1873791737
1873813202
1873929733
1874112542
1874734810
1874809893
1875528414
1875625285
1876030658
1876303817
1876422074
1877274179
1877596711
1878184865
1879169397
1879339992
1879346024
1880344408
1880716215
1881931176
1882048053
1883532474
1884017302
1884142856
1884172360
1884292828
1884478493
1884508452
1885270076
1885912936
1886481438
1886688305
1886732847
1887635459
1889473190
1889503119
1889962884
1890011055
1890621794
1890759085
1891223494
1891263085
1892095342
1892156752
1892641203
1893132627
1893375310
1893496303
1893800634
1893819820
1894314419
1894635344
1894977120
1895413891
1895663632
1895721079
1895727503
1898095000
1898884904
1899187101
1900454381
1901006510
1901040627
1901224130
1901351058
1901482211
1901865639
1902214375
1902597221
1903080374
1903365805
1903559756
1904057610
1904864921
1905220635
1905222782
1905290819
1905800128
1906825364
1907647111
1908200110
1908353824
1908612268
1908663934
1908943985
1909359687
1909381426
1909901993
1910632990
1910698449
1910937239
1911151551
1911160227
1912036002
1912158400
1913056617
1913928113
1914103423
1914666135
1915452036
1915749582
1915819616
1917032952
1917158900
1917531952
1917599354
1918148299
1918792462
1919192842
1919228986
1919796515
1920340869
1920624725
1920764503
1923371894
1923626066
1923750262
1924132452
1924294341
1925626938
1926054946
1926130482
1926820852
1927038351
1927275177
1927310288
1927515463
1927773692
1928090904
1928322985
1928729707
1928831742
1928941343
1928943959
1929176109
1929946263
1930573085
1930804698
1930926337
1931015196
1931862766
1932076818
1932635384
1933328484
1934152997
1934314310
1934417551
1935955551
1936192924
1936809462
1937614550
1937919730
1937993753
1938687795
1939967342
1940551531
1940651436
1940863530
1941539841
1941552862
1942257200
1942497160
1942517095
1943584137
1944674062
1944848540
1945033915
1945252585
1945828892
1946250290
1947663247
1947858453
1948052213
1948183907
1948275044
1949282377
1949585188
1949935296
1950188223
1951167528
1951590374
1952242408
1952418303
1952727867
1953560213
1953694057
1953944400
1953965830
1954380245
1954766991
1955699034
1956009656
1957680173
1958385150
1958986106
1959261149
1960083981
1960479832
1960483989
1960930380
1961614322
1962025444
1962055899
1962183027
1962954674
1963345107
1963905980
1964300833
1964747861
1964847111
1964995875
1965465919
1965515002
1965698732
1966839280
1966872159
1967062949
1967210546
1967354384
1968725640
1968866123
1968914592
1969356324
1970165453
1970386599
1970509421
1970929777
1971288824
1971293752
1971317635
1971935630
1973236485
1973381828
1973674111
1973847983
1973926066
1973930217
1974018639
1974045687
1974371186
1974455077
1974999026
1975559174
1975795682
1977150330
1977525954
1977595047
1977617362
1978140484
1978251524
1978290074
1978513556
1979158577
1979205339
1979718513
1980325883
1980491606
1980572812
1980692116
1980708175
1980722102
1981133146
1981554966
1981895408
1982079498
1982806420
1984126891
1985900600
1985919783
1985924061
1986338713
1986495790
1986886044
1987332574
1987615622
1988074189
1988122847
1988276052
1988365296
1988463334
1989115841
1989684607
1990378944
1990884968
1991035784
1991170343
1991190372
1991480720
1993059671
1993435104
1993563432
1993627096
1994013552
1994367706
1994371527
1994923161
1994998502
1995423515
1995569424
1995837040
1996017763
1996022467
1996256287
1997097249
1997374521
1997519580
1997897151
1998812291
1998913414
1999083534
1999540282
1999598888
1999763305
1999924471
2002150470
2002457661
2002986432
2003868777
2003919319
2004111912
2004162622
2004199433
2004462399
2005079767
2005873612
2006744785
2008125121
2008699352
2009356444
2009560681
2010074558
2010167400
2010402547
2010592377
2010682891
2011129844
2011599204
2012429467
2014103825
2014155860
2014208206
2014307626
2014364313
2014748133
2015650713
2017244580
2017699899
2018488736
2018955232
2019466529
2020170413
2020320927
2020780127
2022259936
2023314360
2023375829
2024799622
2024848514
2024943372
2025091318
2025141296
2025475684
2025728049
2026363147
2026521486
2026670804
2027552631
2027677789
2027746616
2028307860
2028405233
2028963585
2029755321
2029871303
2030149762
2030633908
2030723754
2030790806
2032095621
2032176677
2032431657
2033047837
2033283910
2033585299
2033716107
2033751208
2033808910
2033999774
2034236584
2034432068
2035907614
2036152920
2036639786
2037324564
2037833643
2037894269
2038211398
2038552287
2038897389
2039010662
2039094268
2039922222
2039947501
2041077486
2041447909
2041491976
2041511913
2042815246
2042828677
2043524944
2043924331
2044182616
2044274514
2044274719
2044495244
2044890167
2045033340
2045033802
2045282838
2045548060
2045637664
2046288885
2046445161
2048455345
2050013985
2050294059
2050503685
2050767961
2051082443
2051225944
2051398761
2051611886
2051691048
2051959867
2051997256
2052908932
2052929427
2054132865
2054492519
2054495992
2054635712
2055164457
2055362398
2055607034
2056311445
2056507304
2056616729
2056797710
2057014729
2057127718
2057785864
2058887165
2059001373
2059110405
2059255975
2059512292
2060843872
2063279078
2063504706
2064560141
2064810901
2065340222
2065381927
2065758959
2066293302
2067227750
2067407504
2067483047
2067582110
2067800268
2068606841
2069141818
2069230993
2070050174
2070370382
2071055929
2071116277
2071227145
2072313705
2072343333
2073527883
2075455330
2076477335
2077647443
2077858398
2078358822
2078598547
2078708467
2079789642
2079896418
2080055038
2080801878
2080861540
2080901781
2081241433
2081782256
2082056326
2082549312
2083257900
2083399483
2083630786
2084090763
2084358206
2084586966
2085085186
2086075957
2086345206
2086678409
2087416401
2088769855
2088879306
2088962113
2089217600
2090025499
2090876032
2091787406
2092840468
2093495248
2094178913
2094737895
2095429732
2095685158
2096303459
2096717745
2096897093
2097191309
2097792790
2097817825
2099165059
2099572095
2100124164
2100704766
2101077317
2102147442
2102761291
2103166891
2103373927
2103433488
2103494021
2104201608
2104270232
2104337497
2104824026
2105365575
2105406806
2105472203
2106193269
2106668061
2107102419
2107886015
2108162151
2109309777
2110315462
2110430098
2111023196
2112785333
2113108131
2114000186
2114572597
2114977561
2115042218
2115093206
2115161471
2115284501
2116103999
2116879818
2116907276
2116975787
2117451796
2117522359
2118347067
2118605242
2119844088
2120685446
2121580126
2122234709
2123084323
2123439646
2124003066
2124079332
2124143407
2124658732
2125899830
2125967197
2125967831
2126220799
2126387170
2126755810
2126893623
2127678805
2128553361
2128861709
2129175054
2129285061
2129670463
2129781948
2129853981
2130573894
2130601055
2130845232
2133087598
2134686021
2135107075
2135678202
2135992376
2135997964
2136036670
2136331784
2136821112
2137550617
2137625788
2137693875
2138912439
2139082770
2139538255
2139862610
2139868853
2140056905
2140199118
2141625953
2142396004
2142603362
2143216287
2143884174
2144305891
2144321335
2144687421
2144707086
2144938480
2144978749
2145079404
2146502522
2146810749
2147058635
2147187266
2147352342
2147443379
2147458290
