2147458290
2147443379
2147352342
2147187266
2147058635
2146810749
2146502522
2145079404
2144978749
2144938480
2144707086
2144687421
2144321335
2144305891
2143884174
2143216287
2142603362
2142396004
2141625953
2140199118
2140056905
2139868853
2139862610
2139538255
2139082770
2138912439
2137693875
2137625788
2137550617
2136821112
2136331784
2136036670
2135997964
2135992376
2135678202
2135107075
2134686021
2133087598
2130845232
2130601055
2130573894
2129853981
2129781948
2129670463
2129285061
2129175054
2128861709
2128553361
2127678805
2126893623
2126755810
2126387170
2126220799
2125967831
2125967197
2125899830
2124658732
2124143407
2124079332
2124003066
2123439646
2123084323
2122234709
2121580126
2120685446
2119844088
2118605242
2118347067
2117522359
2117451796
2116975787
2116907276
2116879818
2116103999
2115284501
2115161471
2115093206
2115042218
2114977561
2114572597
2114000186
2113108131
2112785333
2111023196
2110430098
2110315462
2109309777
2108162151
2107886015
2107102419
2106668061
2106193269
2105472203
2105406806
2105365575
2104824026
2104337497
2104270232
2104201608
2103494021
2103433488
2103373927
2103166891
2102761291
2102147442
2101077317
2100704766
2100124164
2099572095
2099165059
2097817825
2097792790
2097191309
2096897093
2096717745
2096303459
2095685158
2095429732
2094737895
2094178913
2093495248
2092840468
2091787406
2090876032
2090025499
2089217600
2088962113
2088879306
2088769855
2087416401
2086678409
2086345206
2086075957
2085085186
2084586966
2084358206
2084090763
2083630786
2083399483
2083257900
2082549312
2082056326
2081782256
2081241433
2080901781
2080861540
2080801878
2080055038
2079896418
2079789642
2078708467
2078598547
2078358822
2077858398
2077647443
2076477335
2075455330
2073527883
2072343333
2072313705
2071227145
2071116277
2071055929
2070370382
2070050174
2069230993
2069141818
2068606841
2067800268
2067582110
2067483047
2067407504
2067227750
2066293302
2065758959
2065381927
2065340222
2064810901
2064560141
2063504706
2063279078
2060843872
2059512292
2059255975
2059110405
2059001373
2058887165
2057785864
2057127718
2057014729
2056797710
2056616729
2056507304
2056311445
2055607034
2055362398
2055164457
2054635712
2054495992
2054492519
2054132865
2052929427
2052908932
2051997256
2051959867
2051691048
2051611886
2051398761
2051225944
2051082443
2050767961
2050503685
2050294059
2050013985
2048455345
2046445161
2046288885
2045637664
2045548060
2045282838
2045033802
2045033340
2044890167
2044495244
2044274719
2044274514
2044182616
2043924331
2043524944
2042828677
2042815246
2041511913
2041491976
2041447909
2041077486
2039947501
2039922222
2039094268
2039010662
2038897389
2038552287
2038211398
2037894269
2037833643
2037324564
2036639786
2036152920
2035907614
2034432068
2034236584
2033999774
2033808910
2033751208
2033716107
2033585299
2033283910
2033047837
2032431657
2032176677
2032095621
2030790806
2030723754
2030633908
2030149762
2029871303
2029755321
2028963585
2028405233
2028307860
2027746616
2027677789
2027552631
2026670804
2026521486
2026363147
2025728049
2025475684
2025141296
2025091318
2024943372
2024848514
2024799622
2023375829
2023314360
2022259936
2020780127
2020320927
2020170413
2019466529
2018955232
2018488736
2017699899
2017244580
2015650713
2014748133
2014364313
2014307626
2014208206
2014155860
2014103825
2012429467
2011599204
2011129844
2010682891
2010592377
2010402547
2010167400
2010074558
2009560681
2009356444
2008699352
2008125121
2006744785
2005873612
2005079767
2004462399
2004199433
2004162622
2004111912
2003919319
2003868777
2002986432
2002457661
2002150470
1999924471
1999763305
1999598888
1999540282
1999083534
1998913414
1998812291
1997897151
1997519580
1997374521
1997097249
1996256287
1996022467
1996017763
1995837040
1995569424
1995423515
1994998502
1994923161
1994371527
1994367706
1994013552
1993627096
1993563432
1993435104
1993059671
1991480720
1991190372
1991170343
1991035784
1990884968
1990378944
1989684607
1989115841
1988463334
1988365296
1988276052
1988122847
1988074189
1987615622
1987332574
1986886044
1986495790
1986338713
1985924061
1985919783
1985900600
1984126891
1982806420
1982079498
1981895408
1981554966
1981133146
1980722102
1980708175
1980692116
1980572812
1980491606
1980325883
1979718513
1979205339
1979158577
1978513556
1978290074
1978251524
1978140484
1977617362
1977595047
1977525954
1977150330
1975795682
1975559174
1974999026
1974455077
1974371186
1974045687
1974018639
1973930217
1973926066
1973847983
1973674111
1973381828
1973236485
1971935630
1971317635
1971293752
1971288824
1970929777
1970509421
1970386599
1970165453
1969356324
1968914592
1968866123
1968725640
1967354384
1967210546
1967062949
1966872159
1966839280
1965698732
1965515002
1965465919
1964995875
1964847111
1964747861
1964300833
1963905980
1963345107
1962954674
1962183027
1962055899
1962025444
1961614322
1960930380
1960483989
1960479832
1960083981
1959261149
1958986106
1958385150
1957680173
1956009656
1955699034
1954766991
1954380245
1953965830
1953944400
1953694057
1953560213
1952727867
1952418303
1952242408
1951590374
1951167528
1950188223
1949935296
1949585188
1949282377
1948275044
1948183907
1948052213
1947858453
1947663247
1946250290
1945828892
1945252585
1945033915
1944848540
1944674062
1943584137
1942517095
1942497160
1942257200
1941552862
1941539841
1940863530
1940651436
1940551531
1939967342
1938687795
1937993753
1937919730
1937614550
1936809462
1936192924
1935955551
1934417551
1934314310
1934152997
1933328484
1932635384
1932076818
1931862766
1931015196
1930926337
1930804698
1930573085
1929946263
1929176109
1928943959
1928941343
1928831742
1928729707
1928322985
1928090904
1927773692
1927515463
1927310288
1927275177
1927038351
1926820852
1926130482
1926054946
1925626938
1924294341
1924132452
1923750262
1923626066
1923371894
1920764503
1920624725
1920340869
1919796515
1919228986
1919192842
1918792462
1918148299
1917599354
1917531952
1917158900
1917032952
1915819616
1915749582
1915452036
1914666135
1914103423
1913928113
1913056617
1912158400
1912036002
1911160227
1911151551
1910937239
1910698449
1910632990
1909901993
1909381426
1909359687
1908943985
1908663934
1908612268
1908353824
1908200110
1907647111
1906825364
1905800128
1905290819
1905222782
1905220635
1904864921
1904057610
1903559756
1903365805
1903080374
1902597221
1902214375
1901865639
1901482211
1901351058
1901224130
1901040627
1901006510
1900454381
1899187101
1898884904
1898095000
1895727503
1895721079
1895663632
1895413891
1894977120
1894635344
1894314419
1893819820
1893800634
1893496303
1893375310
1893132627
1892641203
1892156752
1892095342
1891263085
1891223494
1890759085
1890621794
1890011055
1889962884
1889503119
1889473190
1887635459
1886732847
1886688305
1886481438
1885912936
1885270076
1884508452
1884478493
1884292828
1884172360
1884142856
1884017302
1883532474
1882048053
1881931176
1880716215
1880344408
1879346024
1879339992
1879169397
1878184865
1877596711
1877274179
1876422074
1876303817
1876030658
1875625285
1875528414
1874809893
1874734810
1874112542
1873929733
1873813202
1873791737
1872446522
1870928984
1870416458
1870068301
1869452120
1869027291
1868451163
1867864303
1867201652
1867082208
1867001390
1866727937
1866567254
1866312787
1865246925
1865019081
1864949371
1864558830
1864052124
1863731437
1862693625
1862670711
1862272524
1861598808
1861438711
1861232093
1860646362
1860303112
1860294273
1859775388
1859482039
1859393587
1859191848
1859190183
1858851216
1858680840
1858633848
1858471110
1858099743
1856826339
1854932468
1854870387
1854317376
1853811567
1853677820
1853633962
1851371059
1850550750
1850318818
1850311835
1850097004
1849598763
1849220906
1848876062
1848081454
1848056706
1847461745
1847239278
1847235418
1847144463
1847070642
1847013895
1846873530
1846854379
1846774260
1846475099
1846062508
1845333287
1844164993
1843089438
1842781358
1842728251
1842416344
1841919327
1841187863
1840792321
1840290961
1840263620
1840061994
1839573702
1838804481
1837404707
1836872636
1836866265
1836500167
1836283714
1835629752
1835423552
1835187444
1835088956
1834694726
1834374941
1834316884
1834295046
1833831443
1833357038
1833259371
1833107095
1832988382
1832574364
1832126397
1832002081
1831424245
1829623344
1829465515
1828990180
1828880666
1828466281
1827578655
1827214410
1826812191
1825824749
1825109959
1824559846
1824123336
1823603472
1823061958
1821839541
1821536065
1821486528
1820577116
1819627447
1817366477
1816014868
1815927965
1815892982
1815771522
1815223520
1814871379
1814169488
1814003330
1813438583
1812963704
1812669795
1812075152
1811960685
1811275854
1811214145
1811086813
1809829461
1808618132
1808548011
1806951531
1806873618
1804973743
1804822232
1804755004
1804286762
1804106502
1803465114
1803339521
1802966047
1802589933
1802441419
1802282201
1802280667
1802243610
1801291134
1800876291
1800424278
1800299711
1799765889
1799632683
1799504299
1799388853
1799223132
1799100403
1798235719
1797415645
1797374212
1796930479
1796649448
1796627053
1796426916
1795793988
1795465915
1795255068
1795119503
1794765476
1793311246
1793214645
1793200822
1792931549
1792917224
1792707998
1792439100
1792114029
1791757991
1790381300
1790282114
1790263302
1789999522
1789706668
1789648240
1789329814
1789279418
1788095034
1788077288
1787778281
1787494298
1786358543
1786216980
1785422346
1784978558
1784884286
1784515652
1783909742
1782785421
1782654270
1781846446
1781350688
1781272560
1780554290
1780458049
1779370088
1779156729
1778086899
1777839692
1777542860
1777287328
1777182132
1777173193
1776568098
1775662954
1775209243
1774669621
1774314846
1774274166
1774068022
1771966082
1771807985
1771380912
1771308866
1770422012
1770117012
1769081900
1768306518
1768038940
1767401181
1767088613
1767053499
1766948771
1766400774
1765451082
1765202593
1764497251
1763901987
1763072743
1763027041
1762310681
1762238593
1762158850
1761837280
1761741642
1761691395
1761169687
1760692108
1760624110
1760439892
1759870423
1759540265
1759094124
1758948648
1758712700
1758482682
1756426723
1755330845
1754773488
1754656750
1754560195
1752305017
1751219566
1750931017
1750570750
1750107648
1749424042
1749339433
1749220525
1748723607
1748323393
1747916368
1747774523
1747760757
1747528224
1746575361
1746221452
1746147053
1745372907
1745274609
1744805076
1744138377
1743748535
1743579276
1743553347
1742324497
1742244332
1742210865
1741939456
1741883269
1741695795
1741648569
1740934795
1740864361
1739795025
1739492960
1739346672
1739008597
1738928913
1738871333
1738640620
1738147635
1737233005
1737078819
1736941500
1736071585
1734068287
1733999055
1733947960
1733577852
1733569091
1733029304
1732972167
1732927767
1732258575
1731931435
1731730835
1731006501
1730781869
1730742767
1730685377
1730248709
1729413862
1728445745
1728120255
1728113965
1727510985
1727392114
1727255352
1727113344
1726915684
1726871665
1726676631
1726483732
1725529658
1725048082
1725017650
1724873174
1723733012
1722911373
1722549113
1721695902
1721450836
1720846637
1719925607
1719090034
1718960351
1718827891
1717996473
1717507814
1716966928
1715370975
1715197228
1715075732
1714166873
1714154062
1713766485
1713248625
1713017037
1712958783
1712769206
1712649895
1712631873
1712512282
1711588145
1711362241
1711338568
1711088734
1711027095
1710937588
1710670824
1710072494
1709225421
1709206300
1708775711
1708260568
1707642905
1707434113
1707280704
1707042454
1706835528
1706684775
1706557466
1706548991
1704821989
1704077711
1703489581
1703329153
1703186486
1701952442
1701828379
1701606272
1701485657
1701255675
1701246172
1701236732
1700815510
1699516117
1698715687
1698402220
1698394722
1697626560
1697251916
1697144497
1697128433
1696228188
1695893817
1694667508
1693317957
1693208957
1693019504
1692387114
1691795474
1690868713
1689229834
1688399272
1687405474
1687403834
1687178985
1687019020
1686377684
1686337635
1686334387
1685894105
1684818982
1684061795
1683701330
1682493673
1682077317
1681484819
1681303087
1680985476
1680562897
1680373510
1679699430
1679071061
1677985854
1677970566
1677872961
1677870226
1677814210
1677783463
1677198389
1677168930
1676849134
1675799611
1675395134
1673732862
1673648802
1673065457
1672314603
1671900541
1671621304
1670484795
1669631963
1668495383
1668347439
1668149953
1667688763
1667505624
1667336525
1666587437
1666432434
1666089645
1665263267
1665093711
1664743090
1664688477
1664240799
1663362006
1663314432
1663085663
1662624203
1662196348
1662173505
1661404159
1660943360
1660373596
1659632212
1658748624
1657015436
1656796464
1655947634
1655928974
1655034018
1654694997
1654367402
1654273914
1654066616
1653442659
1653163169
1653135271
1652824934
1651461973
1650705411
1650162348
1650029446
1650002452
1649559598
1649359954
1649139997
1646885842
1646729551
1646680662
1645673546
1645178837
1645144469
1644725301
1644213573
1644186354
1643353681
1642781039
1642643256
1642388733
1642340557
1642339081
1641404442
1641313131
1640759608
1640208642
1640056454
1638342984
1635671659
1635550141
1635472845
1635334266
1634735844
1633777618
1633328407
1633080749
1632788106
1632595025
1632549209
1631121029
1631070951
1630591744
1629630786
1628778722
1627680990
1627254182
1626869920
1626274958
1625230394
1624568005
1623691018
1623525968
1623149803
1623033476
1622687615
1622629683
1622484371
1622088578
1621665756
1621485651
1620223833
1620068296
1620029539
1619303947
1618916831
1618885595
1618415982
1617826302
1617615146
1617395481
1617379819
1617306213
1616614153
1615763986
1615528812
1615032403
1614405960
1614311409
1614237188
1612358838
1611535170
1611025741
1610875562
1610812361
1610606650
1610568024
1609826871
1609101280
1608591979
1608589462
1608460190
1608370316
1608179193
1606510133
1606411102
1605739083
1603909011
1603829588
1603246326
1602985784
1602726252
1602345402
1602282633
1602138499
1601698738
1600873155
1600229421
1600119319
1599445459
1598370596
1598303165
1597841469
1597334223
1597333026
1596224541
1595137334
1594588887
1594426685
1594048610
1592984820
1592913191
1592222343
1590897732
1590879793
1590024674
1588681012
1588358846
1588324917
1587863285
1587823219
1587665846
1587415815
1587284628
1586362959
1586143719
1586137903
1586069660
1585999432
1585903456
1585219549
1585113638
1584984459
1584720209
1584489917
1583954836
1583918404
1583761545
1582474894
1582188971
1582174963
1582161377
1582154442
1581813413
1581189615
1580509910
1577556519
1576901576
1576723475
1576721202
1576538824
1576442940
1576080664
1575767486
1575551276
1574505032
1574308849
1573567111
1571639378
1571010399
1570722818
1570605855
1570424428
1569874273
1568824047
1567790444
1567083386
1566380233
1566222338
1565792860
1565357795
1565311064
1565161061
1564639953
1564263657
1564212972
1563948826
1562984657
1562513088
1561282056
1561215390
1561062736
1561053360
1560926889
1560873771
1560430004
1560096374
1557041791
1556629136
1556054410
1555453204
1554967137
1554024740
1552522955
1551277975
1551259474
1551011036
1550972206
1550951336
1550454106
1549862737
1549071442
1549062508
1548362353
1548247849
1547830469
1547737695
1546967583
1546409785
1546157617
1546132259
1545760085
1545610455
1545419321
1545357299
1545196673
1543965707
1543007289
1542755531
1542716498
1542637255
1542484502
1542405473
1541882742
1541776943
1541022066
1541001222
1540995004
1540602617
1540594682
1540210952
1540010585
1539994473
1539520823
1539476928
1539026340
1538926966
1538494625
1538455997
1538440715
1537873559
1537558462
1537140172
1536735997
1536634368
1534952704
1534937567
1534791934
1534709510
1534533979
1534469939
1534037859
1533793520
1533514352
1533431286
1532395790
1532007519
1531321727
1531215452
1530637244
1530097537
1529692985
1528738826
1528582333
1527587398
1526735729
1526642956
1526621792
1526276327
1525912503
1524708981
1524321699
1523894984
1523556510
1523300003
1523270060
1522034394
1522015094
1521519046
1520995893
1520258699
1519939830
1519753784
1519309616
1519082101
1518762393
1518193491
1518123966
1518086286
1517921109
1517456991
1515752875
1515380636
1515020873
1514702701
1514457459
1513429598
1513264197
1512897238
1511588122
1511475221
1510928723
1510608778
1510535961
1509724703
1509174136
1508814307
1508791184
1506329958
1505497019
1505282652
1505054609
1504224956
1504147626
1504101467
1503246418
1503144973
1503017070
1502908437
1502499306
1502384128
1501887024
1501728393
1501614655
1501365272
1500896155
1500290008
1500101093
1498829339
1498456116
1498020109
1497661294
1497532545
1496765845
1496499652
1496369188
1495392250
1495214582
1495118063
1493795911
1492507009
1491819034
1491445793
1491415699
1491382687
1491117876
1490437929
1490331881
1490149130
1490148375
1489723471
1489508329
1489067589
1488842162
1488764524
1487643975
1487218119
1486985944
1486826983
1486664348
1486402053
1486166241
1485782856
1485584616
1484929906
1484694585
1483680753
1483420652
1482678979
1482665714
1482333179
1482304200
1482163078
1481873618
1481561156
1481498336
1480130954
1479819283
1479347412
1479167656
1479038588
1478751949
1478483722
1478168582
1477290848
1477257636
1476453859
1475318056
1475297190
1474551518
1474529961
1474241244
1474039705
1473292578
1472554267
1471620594
1471403132
1471356921
1471202691
1469087273
1468847812
1468474549
1468438472
1468163038
1467986664
1467700140
1467650241
1467513188
1467375466
1467173739
1466841936
1466300769
1466033219
1465375797
1464282328
1463677073
1463660807
1462110140
1461229919
1461053074
1460581904
1459325759
1458904499
1457876326
1457624247
1457491311
1457237124
1456937666
1456851019
1456693724
1456411311
1455683068
1455160094
1453206426
1452289655
1452268554
1451502068
1451151883
1450571100
1449589995
1449467437
1449219550
1447831954
1446740655
1446683508
1445182423
1444860337
1444629480
1444269980
1444135102
1443997150
1442784115
1441034361
1440825948
1440781691
1440758627
1439818660
1439678281
1439491233
1438929555
1438609718
1438551171
1438123002
1437661276
1437078008
1436568969
1436095415
1436071484
1435497816
1434566632
1434344441
1433795274
1433196755
1433050087
1432335262
1432328032
1432164350
1432027883
1431538297
1430548557
1430469193
1430183647
1429962571
1428830866
1428512419
1428304619
1428228418
1428060672
1428057243
1427692606
1427613463
1427280022
1426704581
1425214263
1424803360
1424547897
1424322294
1424090124
1424076609
1423720114
1423018279
1421744357
1421611670
1421404653
1420030790
1419037537
1418598836
1418389173
1417888557
1417778495
1417244712
1417038260
1417026727
1416463146
1416293044
1416170183
1415469002
1414746507
1414602885
1414453345
1413991689
1413927459
1413656213
1413631077
1413591501
1413507777
1412366027
1411987121
1411956256
1411702157
1410303757
1410106571
1409996800
1409839264
1409159625
1408977192
1408553580
1408218069
1408139411
1407381614
1407363495
1407293234
1406187268
1405740805
1405554408
1405156020
1404836189
1404303362
1404013330
1403990260
1403944935
1403380441
1403169685
1402464363
1402459547
1402338549
1402282766
1402225704
1402147268
1401868206
1401471926
1401102228
1400894404
1400869395
1400601376
1400493091
1400331827
1400090326
1399091515
1398667507
1398593469
1398497571
1398440574
1398397671
1398240760
1397553041
1397256608
1397062139
1396474192
1396297765
1395341182
1395012388
1394736315
1394507319
1394152297
1394076123
1393804941
1393278107
1392109713
1391956957
1391726998
1391409876
1391205879
1391092237
1390729419
1390465559
1390289188
1390190337
1390120390
1390031428
1389948945
1388881429
1388431539
1388331311
1388025340
1386940398
1386699691
1386561076
1386233018
1386125270
1385844865
1385674896
1385619690
1385470170
1385177587
1384829146
1384761557
1384392392
1384227508
1383288623
1382380912
1382251521
1382199628
1382147593
1381750557
1380823310
1380390115
1380308327
1380145831
1379975541
1379909932
1379724401
1379651743
1379591997
1379181491
1379024307
1378384891
1378004876
1377553715
1377069607
1376833221
1376590708
1376078147
1376052789
1374269494
1374086094
1373664444
1372846753
1372795027
1372082858
1372044964
1371607604
1371563954
1371399062
1371353253
1370984324
1370818718
1369382202
1369109913
1369068191
1368828707
1368683715
1367885266
1367632706
1367437423
1367297499
1366821456
1366633871
1364441313
1364139081
1363916412
1363849443
1363177814
1362322908
1361881856
1361179405
1361111505
1360550772
1359794800
1359464027
1359235335
1359212231
1358823761
1358328849
1357925730
1357454381
1357029795
1356398104
1356356896
1355977745
1355441321
1355430647
1355355638
1355186653
1354736939
1353420173
1352461184
1352288485
1352192747
1351180361
1351127842
1351100702
1350285946
1350062822
1349813356
1349754232
1349583627
1349438683
1349110600
1348896421
1348864081
1348542331
1348140797
1347662968
1347569607
1347410241
1347189291
1346808306
1346776281
1346666400
1346563394
1345168147
1345141148
1345140927
1345124271
1344994029
1344695223
1344512801
1344401026
1344238367
1344113152
1343626900
1342818930
1342553169
1341676089
1340996288
1340430228
1340172426
1339770847
1339564179
1339276905
1339164675
1338948700
1338572013
1337975086
1337876303
1337858665
1337844984
1337842268
1337569323
1334637805
1334096863
1333857453
1332764217
1332644599
1332219746
1331175681
1330841158
1330523308
1330305234
1330148623
1330064524
1329774407
1329645977
1328902310
1328639450
1326866902
1326392930
1325659062
1325453300
1324964668
1324676987
1323758900
1323235326
1323151905
1321886607
1321823221
1320260601
1319771060
1318772265
1318753389
1318675126
1318466601
1318313536
1317947389
1317089987
1316896211
1316602106
1316074670
1315908778
1314432787
1313568946
1312569175
1311867170
1311719132
1311554861
1311437418
1311360351
1310727314
1310718371
1310717488
1310556719
1309019043
1307900080
1306383299
1306292517
1305767761
1305702864
1305646269
1305387577
1304882339
1304039248
1303894371
1302805495
1302566879
1302015545
1301908363
1301036884
1299584278
1299434452
1297397640
1297110169
1296804628
1296780947
1296258748
1296047263
1294938426
1294579097
1294479303
1293875916
1293669110
1293537804
1292741840
1291760204
1291427278
1291253506
1290956367
1290762299
1290543347
1289682805
1289095553
1289025544
1288704752
1288328686
1288250535
1288183711
1288144792
1287858231
1286911816
1286685795
1286346781
1286293520
1285992583
1284166263
1283752498
1283197200
1282794238
1281547147
1280689875
1280321067
1278890666
1278338134
1277137696
1277084191
1276422123
1276397687
1275578225
1275208837
1275023130
1274508080
1274460454
1274287001
1274033125
1273722838
1272475194
1271812812
1271103805
1271002213
1270992387
1270778893
1270121132
1269695037
1268771121
1267968912
1267647495
1267313974
1266924306
1266656241
1266603494
1266392416
1266246823
1266114021
1265602345
1264993429
1264518051
1264502928
1264241474
1263924528
1263241474
1263015538
1263002041
1262244202
1260744773
1260298519
1260157903
1259820701
1259257424
1259224246
1258846865
1258070645
1258037626
1258007253
1257724583
1256949108
1256581146
1256440967
1255850903
1255707588
1255113456
1254957165
1254242190
1254000553
1253929191
1253335079
1253333361
1251845785
1251034931
1250996431
1250226469
1250069805
1249567733
1249553270
1248720300
1248443664
1248433603
1248201980
1247987796
1247668324
1247639142
1247603645
1247433590
1247262619
1246819149
1246235808
1246228082
1246219946
1246105784
1245722653
1245092493
1244171951
1243772392
1243379871
1242270474
1241607156
1241451374
1241424599
1241349999
1240594829
1240461025
1240301899
1239824657
1239447328
1238726567
1238442265
1238363778
1237429032
1237415044
1237408759
1237346629
1237154529
1237102009
1236680958
1236663980
1234837337
1234769542
1234060811
1233869831
1233415918
1233271179
1232741750
1232553455
1232231570
1232195535
1231375635
1231368043
1230941410
1230843998
1229646179
1228637858
1228269002
1227690897
1227488030
1227201679
1226985352
1225646465
1225420870
1225278104
1225163651
1223828715
1223328209
1223312898
1223260256
1223099703
1222319277
1220972964
1220658214
1220483395
1220444464
1220231738
1220053612
1219602762
1219497565
1218990201
1218672760
1218337718
1216595824
1215984744
1215662550
1215613999
1215197081
1214495613
1214179518
1213702157
1213349978
1213287298
1212543190
1211877255
1211607932
1211257855
1209501159
1209102928
1208653906
1208588671
1208460512
1208250396
1206812331
1206626540
1206588994
1206511648
1205770262
1205490730
1205476267
1205431863
1202804870
1202403695
1202374531
1202085206
1202029543
1201797980
1200892974
1200660896
1199985630
1199581891
1199552307
1199502946
1199061443
1198861330
1198843052
1196597315
1195908063
1195568317
1195548325
1195007235
1194267388
1194161717
1192252392
1192020324
1191646716
1191501902
1191286959
1191134018
1190898629
1189667206
1189609343
1189135090
1189116489
1188928299
1188458031
1188241943
1188208484
1187624125
1187417240
1186838603
1186037601
1185932300
1185766879
1185644358
1185244459
1185243047
1184669565
1183716379
1183497672
1183221522
1182845933
1182743681
1182334793
1181138141
1181098048
1180313443
1180243350
1179716927
1177547861
1177218630
1177162229
1176853539
1176545376
1176353600
1176234101
1175940811
1175706803
1175001483
1174759693
1173544942
1173454928
1173342231
1172748503
1172699536
1172461054
1172371843
1172190332
1172178409
1172081364
1172077513
1171924683
1170874952
1170741346
1170226868
1169517547
1168896054
1168092009
1167848502
1167809173
1167566690
1167373410
1167331983
1167247600
1167091483
1166948153
1164646005
1164484666
1164311573
1164011300
1163965655
1163625102
1163095734
1162891020
1162882407
1162623010
1162617872
1162566839
1161989765
1161792497
1161360168
1161259386
1160679067
1160537008
1160428910
1159945177
1159781394
1159543910
1159125788
1159092492
1158854875
1158643750
1158176835
1157248607
1156001082
1155940392
1155865911
1155739103
1155706328
1155475404
1155139383
1155055122
1154159242
1152384065
1150969743
1150155852
1149701491
1149462633
1149439749
1148617096
1148266736
1148215615
1148038794
1147926119
1147080027
1146729586
1146228155
1145593292
1145242292
1144965023
1144627955
1144569758
1144445376
1144086036
1143945452
1143866955
1143362301
1143046554
1142611041
1142581849
1142354597
1140598438
1140424089
1140292554
1140023696
1139887200
1139382523
1138976058
1137969645
1137959237
1137890496
1135930375
1135262411
1135161592
1134718106
1134203222
1132664718
1132136548
1131977460
1131908292
1131861823
1130841775
1130713965
1130668551
1130636051
1130476560
1130148517
1130064324
1129993293
1128962881
1128926218
1128777643
1128519188
1128496080
1128089598
1128066090
1127816758
1127516629
1126832791
1126410341
1126226880
1125279162
1125031940
1124898928
1124651334
1124105219
1123989230
1123931874
1123707953
1123478605
1123128784
1122060492
1121529554
1120538304
1119566897
1119558095
1119526629
1119405076
1119350796
1118844680
1118645842
1118468398
1118390748
1117927111
1116981461
1116544425
1115650148
1115643828
1115134913
1114549335
1114318818
1113668361
1113154570
1112921690
1112888547
1112641557
1112541107
1111912799
1110202453
1109438706
1108748263
1107262837
1107119922
1106527543
1106482783
1105613019
1104821142
1103598547
1102835160
1102801417
1101559895
1099393927
1098733276
1098386812
1097573509
1097307794
1096345375
1096330187
1095977509
1095844219
1095697642
1095659306
1095649085
1094263562
1093776688
1093669184
1093177978
1092962043
1092840043
1092720871
1091888209
1091868547
1091644480
1091617794
1091417661
1091393818
1091208577
1091173567
1090431937
1089090555
1088861729
1088784710
1088427937
1087115364
1086549601
1086261529
1086238326
1086176887
1084918784
1084850002
1084582352
1084395996
1083845348
1083595238
1083115826
1082486400
1081441755
1079863301
1079439275
1079374287
1079372593
1079019064
1078807591
1078196416
1078053518
1077456825
1077142907
1077108679
1076523979
1076498256
1076475700
1074639753
1074429228
1073231267
1073185914
1072787737
1071512354
1071291491
1069794235
1068484388
1068455606
1068402666
1067415049
1067322358
1067234827
1066999593
1066934582
1066786799
1064322389
1064206783
1064172913
1063978501
1063912128
1063665622
1063483412
1063242997
1062989752
1062742070
1062573996
1062123458
1061005570
1060803672
1060748264
1059886259
1059785762
1058952784
1058512794
1058406704
1058076851
1057197629
1055831188
1055733835
1055281941
1054968268
1054413206
1053746661
1053517639
1053469096
1052831278
1052719637
1052647893
1052385219
1052261267
1052161322
1051987217
1051971588
1051927114
1051275040
1050557004
1049813081
1049124107
1048441202
1048386760
1047514293
1047506870
1047465413
1047248543
1046857754
1046803435
1046709656
1045946991
1045928322
1045153692
1044318084
1044248495
1044125385
1043802313
1043377811
1043106595
1042543195
1042403440
1041986486
1040486098
1039857595
1039305031
1039165380
1038605973
1038453539
1038167584
1037689090
1037671573
1036309337
1035800504
1035737168
1035651996
1034420033
1033718247
1033704650
1032425540
1032383793
1031955410
1031533048
1031324975
1029664468
1029353029
1028083031
1027842710
1026483995
1026223689
1025976662
1025848204
1025423191
1025325315
1025259877
1024027068
1023298776
1022942843
1021794056
1021574359
1021463796
1021310310
1021215542
1020342227
1020319422
1019623466
1019271543
1018803215
1018706680
1018525607
1018132517
1017500724
1017384629
1017149377
1017009293
1016319570
1016248845
1014473330
1014457103
1013408981
1013082629
1011303786
1010947706
1010799389
1010457023
1010349570
1010174488
1009362373
1009058177
1008201810
1007434712
1007076262
1006812675
1006722175
1006660257
1006262195
1004535460
1003816269
1003812096
1003244507
1003139937
1003026870
1002978510
1002620856
1002508915
1002116830
1001966742
1001305202
1001167309
999352399
998757950
998166758
997978568
996946258
995515371
995437288
995370707
994305331
993916443
993707353
993583530
993039361
992712469
992264900
991928536
991580669
991541580
991541403
990622814
990333840
990206929
989783148
989052169
988956211
988707563
988421543
988352564
988065664
987801008
987776981
987388151
985075283
984844958
984674766
984571619
984135195
984009381
983786815
982721895
982235472
982081173
980504791
980348719
980075978
979998716
979533148
978822659
978773616
978606347
977698394
977567194
977453071
976586364
976382691
975992647
975901977
975810135
974342545
973732580
973420647
973156565
972517848
972231206
972120889
971864177
970541220
970311355
969409881
969124698
968873631
967976664
967769542
967254782
967246602
966687576
966324697
966245083
965783867
965116019
964905276
964754841
964080583
963669387
963664018
962731321
961667119
961379233
961034272
960655547
960441173
959846307
959825966
959729567
959584928
959428987
958691617
958348584
958097531
957869481
957556089
957509456
956322425
955694689
955347869
955200627
954800952
954701981
953853406
952516932
952181599
951946455
951898262
951742762
951230100
951012307
950601516
950186893
949558935
948940997
948794904
948514153
948219980
947943030
947914252
946252256
945617909
943899417
943070489
942690856
942406252
941709345
941183294
940795750
939524605
939504020
939432631
938440472
936807135
936651105
936453639
935408560
935005951
934791552
934397845
934089426
933997605
933544350
933528872
932060200
931645677
931275836
930971667
930382037
930368098
930194412
930141020
929029394
928332893
928115841
928096195
927429208
926884722
926405482
925729292
925647498
925251837
925178035
925136506
924736812
924645480
924428054
922672570
922360896
921838313
921145935
920407194
920083966
920060668
919590198
919245537
918439916
917597956
917489819
915390436
915337913
914471105
914426844
913324608
912781477
912756822
912189689
911846424
911800352
910904873
910327083
910060315
910055832
909999356
908952789
907971057
906776348
906262163
905683776
905575485
905456832
905208835
904968369
904839796
904488202
904389198
903493272
902776887
902547220
902545982
902169821
902163091
900744302
899748175
899717728
899695751
899589862
898416912
897999606
897852564
897760915
897264758
896765929
896497597
896233659
895423401
895194823
895187682
894806239
894653257
894627801
893446198
892652297
892481677
892341866
892100638
891944708
891762513
891631121
891509211
890721481
890518991
889906264
888975436
888291119
886902596
886005781
885560437
884451993
884412067
884158719
883974718
883841799
883429447
883199965
882567836
882454065
882195499
882174242
881313229
880977271
880520017
880360112
880350992
880349787
879131284
878040999
877409839
876734290
876408373
876213205
875571041
875241140
875137903
874326264
873686012
873217944
873191707
872938045
872912351
872602603
872468023
871541342
870573213
870372861
870128690
869530815
869324797
869243055
868767050
867780008
867127740
867069580
866330403
865381639
865335929
865201447
865167133
865117234
864403758
864180424
863813909
863318581
862987961
862879286
862348649
861863740
861165055
859642837
859381334
857455488
856834115
856823510
855293322
855080054
855063079
854514311
853183393
852785548
850683170
850656718
850391342
848834242
848470253
848341622
847703032
847485190
846604246
846455593
846363885
845236823
845131587
844601011
843557639
843372576
842423299
841812831
840673166
840457308
840406246
839975992
839856393
839426280
839220804
838917027
838814764
835342792
835287315
834460281
834068396
833242556
832795264
832688293
832370990
832297306
832008872
831883943
831751719
831167229
830501768
829997970
829694490
829278225
828338681
828329927
828196139
827648765
827320035
827309443
826856933
826330357
826129546
825209197
825064132
824638269
823376296
823109524
822775600
822767888
822542176
822088979
821609454
821483570
820903131
820473086
819868456
819736239
819303711
818633524
818202739
818168309
817767032
817172653
817148173
816911076
816725644
816168107
815823037
815677775
814615790
814576382
813789639
813428584
813071152
811367116
811236459
810964521
810237661
810037716
809636738
809510876
809478305
809112482
808781406
808748557
808634787
808559006
808344439
808315169
808071315
807945845
807824080
807485431
807023332
806614029
806278398
806267228
806030336
805819819
805433142
804610455
804348551
803924581
802732692
802710294
802620359
802103581
801296701
801285606
801243444
800423685
799811270
799760272
798915959
798637820
798464398
798204692
798031609
797174136
797161353
796778757
796494508
795997806
795546196
795232145
794019192
793882445
793821352
793228561
792756049
792678698
792403224
791639516
791247903
790992035
790239605
790210321
789770768
788799763
788689006
788552488
788256409
785791131
785657658
785579539
784082420
783160186
783089025
782028957
781565322
781494426
780191873
780159703
780013483
779930872
779870031
779656500
779257107
778938979
778852759
777247510
777090154
775976219
775969491
775657806
775239286
775190222
774701401
774619628
774606623
773003602
772711092
771979271
771977230
770945143
770790085
770368262
769660416
769404129
769266850
768536407
768411759
768304899
767832634
765837393
765152824
765025400
764794551
764659020
763484346
763111736
761271802
761028717
759447776
759382621
756800102
756707292
756591930
756453945
756129638
755850620
755253300
754846871
754363757
754071349
753994791
752975587
752721133
752407620
751493717
751396819
750028330
749231499
748503810
748299738
747723194
747430812
746601786
746493829
746052605
745999813
745961738
745417096
744372617
744355606
744265101
743734412
743592210
743570680
743014166
742557884
742081271
741990510
740886023
740722243
740718952
740469072
740450853
740367152
740360252
739235432
739089693
738502482
737394604
737069120
736899609
736732943
736495841
735958542
735863232
735490539
734123106
733719100
733638415
733044753
733020118
732979134
732550991
732332345
731697672
731663110
730913361
729913532
729767840
729408520
729314459
728823579
726853818
725241217
725066899
725008660
724510304
723671543
723493762
723400594
723044507
722496252
722172306
722106620
721977739
721955149
721524984
720511873
720325606
720178646
720059774
720006042
719980098
719595118
719390168
719166480
719097545
719001392
718994377
718331143
717819487
717677850
717453948
717443396
716773994
715913025
715911517
715663056
715461378
715431677
715161752
714484184
714365899
714170155
714010343
713699389
713254145
713242647
712100235
711264214
709806360
709084019
708723098
708155003
707829536
707711300
706868004
706679940
706419084
705053193
703884299
703686502
703140155
702987980
702533755
702044543
700439333
699645830
699482048
699425751
699059853
698238049
697355637
696746339
696512156
695874600
695762925
694648246
694099595
693879307
693317250
692980705
692963761
692647736
692643351
692354792
692183994
692061894
689310224
689276041
688677544
688234694
688022630
687698906
687579883
687476367
686820505
686788079
686755142
686704332
686035617
685567987
685562564
685524073
685365243
685146728
684861076
684844457
684749522
684737271
684732985
684466642
684040149
683867020
683562070
682822819
682796364
682748115
682484836
682170580
681722753
681682814
681328856
681196955
680104938
679886700
679770037
677974809
677846615
677727424
677444122
677319670
676684147
674345491
674177005
673103781
672222674
671849374
671649030
671517134
671122934
670635906
670106700
669716327
668836421
667720660
666695150
666108176
665752396
665174945
664940746
664743777
664442306
664180669
663993531
663961890
663913721
663816169
663325238
663237792
663116405
662845240
662747049
662148225
662034845
661557508
659441804
659355741
659279173
659273435
658873392
658266509
656598682
656084710
655907973
655519994
655150613
654662946
654552922
654446586
654316192
653714473
652441124
652101451
651768225
651261020
650680848
650485788
650162791
649907809
649687048
649078447
648723077
647902317
647799397
646356710
645995996
644406229
644330036
644278460
643182866
642427706
642409898
642090237
641912230
639943181
639937185
639713479
639414281
639170475
638991434
638674352
637573079
637529250
637318747
637163454
637003757
636986145
635756909
635736754
635614244
635315501
634966649
634868322
633665517
632618512
632460460
631849626
631817080
631321480
631107991
630502625
630293254
629759962
629668752
629611755
629323199
629296185
629177072
628970013
628658543
628506728
626386281
626278205
625497511
625364383
625179322
625090752
625052284
624615321
624385981
623560017
623506641
623445748
622839256
622815275
622298924
622177849
621786193
621258667
620983442
620233914
620090379
620084437
619669887
619526927
619482050
618216603
617515826
615245822
614601764
614250748
612931986
612680577
612440607
612329959
611913564
611582621
611474186
611435438
610958643
610843202
610768769
610173613
610138948
609698806
608918999
608138509
608064228
607864857
607833385
607398130
607317234
606821733
606411105
606130361
606105696
605513236
605080159
604794700
604218959
603684160
603355207
601993115
600215150
600047875
599111730
598821202
598678476
597777750
597472796
597339195
596555899
596057485
595503597
595362527
594918631
594805019
594230085
593715687
593377604
593169862
592799892
592359644
592224095
591300301
590807833
590583705
590218674
590198063
589795515
588439759
588359954
588146453
587758604
587524457
587179235
586978283
586838479
586245028
585965012
585636970
585074396
584291266
584246469
583554191
582575561
581662703
581628056
581145354
580142079
579615575
579520179
579414579
578950401
578151635
577988550
577819838
577752246
577313406
577162188
576863996
576678147
576665249
576531328
576514370
576291749
576085204
575863824
575452685
574185447
574023763
573793279
573599609
573593167
573075166
573062561
572514571
572362517
572033748
571974325
570851173
570242136
569606061
569604758
569337880
569291382
568612677
568459913
568151714
567994088
567848640
567451496
566830973
566337398
566152123
565647801
565563624
565394957
565309514
564635648
562478304
562163047
562095632
562009464
561642911
561479084
561405903
560599433
560403062
560201965
559583962
559166103
558788545
558449197
557208508
556787997
555533224
555290741
554924843
554583934
554434600
554417210
553899915
553735859
553543887
553198129
553004151
552155991
551880891
551253414
550749052
550748229
550629443
550605618
549319223
549166959
547937774
547922356
547209939
547152889
546849683
546637209
546504306
546101290
546089937
545908011
544330934
543705107
543677031
543069514
542797344
541630620
541285134
541077294
540268244
539763067
539643344
539628810
539146527
538709877
538577310
538096447
538034364
537825863
537788824
537625684
537519085
536703370
535859619
535824667
533986969
531377512
531318140
529774296
529772599
529708673
529384350
527354017
526910410
526200737
526111614
526047364
525975322
525017507
524933933
524872353
524853500
524428521
524142859
522420044
522331186
521763280
521695391
520832899
520637081
520501386
520323154
519994688
519984240
518798047
517800169
517408892
517039502
516937746
516731787
516209843
516064965
516061123
514899937
514011032
513623030
513407641
513281491
513029434
512720214
512617306
511480727
511227597
511198633
510170125
509591438
509281364
509149794
508912042
507730231
506978507
506658768
506572009
506170431
506142666
505641555
505155567
504843064
504704706
504436237
504207065
503667198
503491702
503325833
502499417
501579124
501443408
501216204
500616843
500361633
499938851
499806155
499317801
498933496
498899561
498771589
498279726
496840830
496581875
495335335
495145810
494656719
494508591
494387258
494128163
494071422
493267557
492608202
492124397
491105415
490944093
490702393
489685500
488504761
486689543
486212990
486137964
485950279
485412100
484598551
483916326
483354456
483140787
482429478
481094302
481027541
480035103
479929273
477842352
476928028
476619043
476409078
475712416
475135611
474798449
474770023
474583478
473258864
473052251
472637087
470932650
470863481
470598553
470235247
469787282
469476309
469381895
469329540
469014022
468742171
466683880
466664535
466431051
465962863
465539019
465085572
464997945
464858868
463943822
463313049
462996550
462406272
461446945
460717617
459864919
459787028
459064088
458779026
458082945
457581752
457141600
457119573
456347249
456262501
456092496
455870715
455758739
455280172
454870455
454758771
454331377
453922331
452375957
450971638
450415066
450411334
450305955
450174368
450061526
449643443
448644945
447746717
447143432
446537946
446527359
446292101
445156403
444704632
444415649
444140778
443998613
443803727
443507810
443480101
443478096
442730067
442350497
442032732
441118182
440936037
440168022
439841726
439612809
439214290
438686244
438562699
438516708
437987053
436745523
436408705
436376082
436143193
435364580
435033046
434989443
434787938
434381810
433900837
433098348
431993604
431274872
430703401
430172980
430004029
429788946
429110263
428388623
427341287
426896535
426625219
426324950
426306790
425733103
425682046
424580074
424258828
424203582
423503578
423218534
423066724
422963031
422739642
422409169
421904250
421047262
420984657
420534544
420328502
419453902
419370103
419268302
418704234
418655245
417614770
417499846
416876370
416171906
416161163
416048771
415793951
415759107
415123147
414685115
414222742
414164374
413802425
413771875
413667128
413662077
413117186
412248983
412236075
411866342
411864570
411106948
410972010
410701230
409727688
409560957
409422542
408984106
408838248
408685260
408478288
407961133
407401904
407305377
406858071
406199008
406184742
405576613
405391404
403382004
403156429
403128111
402716362
401803560
401389774
400945159
400496404
400283005
399909804
398995632
398634292
398052322
397734388
397402745
397012845
396149305
395739878
394842369
394616338
393951654
393850009
393701856
393698990
393524443
392627238
392384167
392320000
392258200
391782826
391734126
390852188
390005667
389445959
388952104
388502342
388219690
387303754
386897617
385348255
385136153
384032125
384023852
383887545
383875662
383668274
383476512
383465399
383210531
382630126
381854857
381377869
379866853
379496947
379484304
377770477
377692593
377245142
376979405
376937270
376182865
375687309
375682900
375142090
374980240
374768055
374434238
374127081
373833934
373604704
373248256
372620250
372362450
372129133
372108581
371739465
370494156
370462353
370159529
370080384
369839275
369451088
368939874
367961510
367098983
366907851
366826467
366171512
365828022
364964546
364327794
363408896
363364127
362940124
361433515
360736141
360138920
359931407
359474493
359300900
358062433
357916723
357557869
357044124
357034776
356792678
356063411
355998475
355612471
355361054
354639088
354615161
353866367
353308894
353253794
353091177
353069002
353014297
352078147
351997572
351021725
350474901
350398854
350290714
349606289
349266205
349084758
348193408
347429839
347205618
347025617
347007047
346996037
346575265
345896549
345644366
345468589
344824220
344656572
343803384
343152064
343048270
342552045
342338003
342212837
342141052
340600030
340304979
338931261
337569209
337090553
336951504
336028152
335968309
334979431
334362544
334242847
333723389
333651441
333399531
332947529
332884250
332619902
332403057
332400995
332182028
330467988
329679681
328384471
327646818
327523502
327098959
326913657
326145706
326079697
325531400
325150674
325007511
324432438
324422329
324217580
323313227
322918647
322862868
322387464
321908666
320917569
319815207
319198568
319106260
318518779
318401132
318347580
317827616
317511906
317301860
317104738
316495651
316443633
315760217
315282990
314872930
314562345
314140976
313692903
313592068
313167960
312781747
312394492
312003317
311777719
311422680
310804703
310040672
308532050
307601647
307253587
306908721
306899657
306840604
306438546
306042689
304715128
304359032
304094971
304073029
303909554
302634643
302528541
302207219
302187836
301470914
300999690
300963089
300820178
300773941
299949381
299349076
299313872
299206039
297860571
297524340
297242027
297113477
296649127
295679782
295594060
295586252
295394104
295149718
294766810
294483237
294450134
294101798
292595160
292088903
291040901
290375191
290257991
290114664
289175670
289048296
287924295
287677616
285500815
285230515
285014847
285013076
284422775
283950077
283939871
283830103
283788614
283589911
283548664
283232797
282847559
282623516
282500906
282189278
281474691
281473113
281240787
279962909
279754842
279733104
279622633
279544199
278410392
278138951
278078475
277956243
277903845
276943420
276836137
276165029
275921485
275598604
275349828
274574678
274544883
272383125
272310647
271971206
271871690
271216473
270631096
270266829
269839671
269719129
269289535
269276785
269193337
269008949
268157774
267555525
266699042
266527389
266476517
266242534
266175634
266129304
264837651
264095739
263989902
263204995
262906773
262430624
261873849
261403444
260980071
259586566
258195561
257978188
257685726
257104197
256833473
256405646
255020137
254193095
252998468
252905420
252760046
251906059
251881201
251733057
251703291
251660306
250822637
250722065
249183163
249013939
248240719
248116761
246549406
246480725
246312774
245797307
245725966
244789833
244005549
242184642
241598991
241504602
241212213
241059549
240544379
240268637
239882088
239500163
239115911
238429006
237729286
236597910
235932444
234694036
234405116
234113100
234008024
233398265
233215294
233083988
232990722
232469336
231852689
231034733
230971061
230849724
230178568
228638882
227889286
227833987
227704614
227550438
227181468
226838905
226491723
224408505
224102657
223785491
221229001
221163713
221073871
220705014
220584981
220334659
220269086
220067191
219673145
219029356
216706018
216548432
216401466
215526420
215326502
214746067
212394886
212020886
211815775
211776706
210580938
209128387
208697975
208609994
208432791
208388050
208379830
208213176
207854304
207781333
207442309
207274141
206917794
206692053
206659826
206264818
205854713
205838590
205149246
204902419
204202730
203661319
202991279
202514782
201050166
200825866
200779914
200681049
200248653
199171792
199068561
198856845
198456796
197615286
197461172
196964795
196917835
196558893
195797099
195684811
194620110
194363559
194161792
192767800
192418782
190207678
189903547
189166536
189156737
187876241
187559761
187130533
187055537
186709017
186297242
185784339
185643026
184832365
184792692
184727979
184469833
184121290
183952274
183039995
182822760
182551445
182416071
181751328
181739062
181606251
180374280
180189604
180043635
179750914
179209134
179079155
178804962
178488220
176803037
176581222
176243168
176096313
175890291
175508759
174483676
174310290
173504259
173162548
172615957
171771560
170833203
170770713
170763225
170541960
170438650
169244243
168900336
168507629
168446630
168206195
168116273
167384724
167132810
166925864
166546040
164614991
164384449
163911297
163344636
163339206
163203013
163055919
162794851
162767701
162753147
162673141
162318809
161580347
160895810
160170471
159439278
156972423
156643677
156135077
155486147
155402602
154681363
154546904
154450678
153003178
152939211
151741320
150576175
150420040
149911577
149879370
149763024
149201078
148576959
148540185
148490897
148436354
147837706
147590582
147381384
147066962
146743826
144880234
144307380
144183466
143767163
143486443
143054970
142811274
142708814
142569872
142457559
141917513
141764945
141616897
141473075
140892924
140838771
140780934
140679382
140402016
140183732
140127662
140120777
139037062
136777411
136436152
136403434
135865272
135657387
135539779
134001038
133960307
133461565
132780291
132446436
132097259
131669555
131209610
131132953
130269346
130169631
129940856
129606659
128239599
127381447
127069033
126489401
126418726
126341767
126266885
125796718
125518563
125241786
124988390
124973531
124941665
124571366
124108568
123793294
123715511
123702122
123672371
123439960
122891419
122107913
121898422
121831329
121519791
121120592
121021349
120611343
120187177
120091702
119639292
119531487
119010929
118902684
118698379
118663214
118390715
118245790
117967386
117175321
116500822
116002448
115783466
115471324
114283864
112462835
111959792
111815890
111654352
111456970
111356901
110809549
109968729
109818934
109345021
109016806
108464995
108037862
107059796
106217721
105816662
104971211
104877973
104759821
104612307
104515578
103918337
103590513
103572906
103332899
103016393
103001490
102953139
102526760
102046600
101611195
101463039
100333071
99436283
98879032
98771504
98423730
98273388
98151706
98091707
97811457
97490019
96977435
95815325
95790497
95622693
94739600
94038370
92633437
92210875
91482371
91357083
89318099
89136990
88938206
88850719
88758594
87503098
87480376
87041447
86164416
86024294
85983558
84970365
84538851
84378586
83683152
83294513
82938851
82824921
82698977
82183880
81956521
81264562
79642320
79257823
79170993
79124476
79027317
78972392
77702049
77343328
77246519
77144464
76328513
75940982
75917638
75587593
75126681
74472484
74342030
74208305
74146717
74120081
73000827
72862439
72839122
72317385
71777024
71384595
71335572
70269163
69453805
69180698
68815546
68785480
68750827
68055251
67968240
67791121
67743071
67215916
66029334
65583636
64918613
64759652
64666540
64354187
63965392
63356955
63349529
62918904
62494263
62409429
62384832
62128429
62100738
61976126
61732389
61278232
60845057
60705684
60318035
60083450
58990447
58982098
58928614
58871703
58849056
58511370
57335276
57293198
57140157
56981842
56482915
55948720
55178143
55102324
54167903
54129829
54093030
53499360
52703143
52451702
52026935
51597033
51165445
51145211
51138589
50976002
50200255
50053406
50007670
48742315
48520913
47955520
47224177
46830923
46516325
46491336
46490752
46140761
46042597
45755219
45682935
45094237
44053830
43443006
43302453
42879418
42770553
41831114
41577356
41098515
40712361
40591761
40051496
39538738
37508033
37387994
37222942
35956140
35921339
35571425
34338364
34241919
33142206
32558290
31145720
30356143
29388595
28868818
28723821
28445272
28261188
28126271
27844491
27439089
27279903
27057562
26326478
25657236
25437573
25001115
24486558
23918210
23779497
23553693
23249111
22616999
20882955
19671319
19407916
19355540
19244846
19238681
18322191
17168742
16870825
16432950
16297867
16230884
15982068
15506591
14773552
14650511
14459085
14313126
14097735
14052655
13728449
13666172
12927457
12271757
11804193
11652454
11643171
11267196
10486952
10231521
9567013
8869286
8669006
8203910
8119841
7870754
7607803
7464405
6264141
6121480
5615372
5550042
5326126
5231704
4795853
4662929
4369332
3659951
3610471
3229285
3167372
2838760
2091442
2071236
2030340
1604651
1564218
888982
476724
195678
187820
178273
157441
142904
130736
125814
116780
106508
105532
98765
94952
87665
82554
74503
19941
18184
11546
10351
9876
9000
8754
7632
5467
5432
3577
3500
3388
3333
2200
2155
1210
1120
891
500
109
100
34
12
